VAR	ABL1_BCR	ABL1_NUP214	CRLF2_P2RY8	DUX4	ETV6	ETV6_ABL1	ETV6_PAX5	ETV6_RUNX1	IGH_BCL2	IGH_CRLF2	IGH_DUX4	IGH_EPOR	IKZF1	JAK2	KMT2A	KMT2A_AFF1	KMT2A_EPS15	KMT2A_MLLT1	MEF2D_BCL9	PAX5	PAX5_CBFA2T3	PAX5_JAK2	PDGFRB_EBF1	TCF3_HLF	TCF3_PBX1	TCF3_ZNF384	ZNF384_EP300
TTC28	-0.5078008994363	-1.17789400796055	-0.581232986811123	0.789327258777176	-0.633567111285216	-0.666127076776657	-1.56089982017177	0.849356301407391	0.30606379517628	-1.05511917333512	1.03356924558056	-1.11897415021699	-0.0356700121078754	-1.19135161927898	0.962685314932924	1.0112057190482	0.981592341343837	1.0296974926622	-0.88137423286528	-0.859088664364031	-0.675258298669813	-1.26356682157033	-0.794358255790473	0.32159768508773	-0.22090418956829	0.872659309084937	1.06263982855863
TSPAN7	0.714298269877846	0.809604477643376	0.547750641835266	-1.62716649964165	0.494124122924905	0.106018386092189	0.389339283664197	0.640009965099303	-1.22824238060922	0.630018390855126	-1.44599175728915	0.637279374786443	0.466286921635358	0.590125244835134	-1.55684218963626	-0.995760197602168	-1.13830136886744	-1.41801822896867	-1.50344346210376	0.172880009655658	-0.562328971130025	0.410177924420219	0.713090839599198	-0.764741369936743	-1.53363784543005	0.487323297147682	0.466321337094133
CRLF2	0.0563713322765045	0.299957461178524	1.71621219407906	-0.242105024410652	-0.0460174487868873	-0.167203193559807	-0.786996648730197	-0.779513089500676	-0.809764874318668	2.1975098491534	-0.612295548458339	0.0606378869272046	-0.560932358931517	0.395672129243255	-0.283992727542898	-0.0205204857010667	-0.323776126131848	-0.214936247617324	-0.946018990357984	-0.297231456183015	-0.773600928997891	-0.0765880029838738	0.439943502271372	-0.241645191135349	-0.762997135354703	-0.655952864294225	-0.308518659162926
LINC01507	0.258566431379009	0.744298524384827	0.611085266986728	-0.692772984653888	1.10640439536582	-0.329689747697814	1.2151070925026	0.4253543951898	-0.96603834304842	0.732311780331964	-0.598041470008455	0.851734633423472	-0.336037524773666	0.532728904009248	-1.26311357786805	-1.2989001742864	-1.28381804483635	-1.28556105338452	-1.07675600303596	0.643411054078267	0.776594320936916	1.14542620623099	0.345770927469489	-1.34937427114319	-1.28977033001056	-0.365447878206283	-0.267554296571213
LAMP5	-0.525436662873826	-1.02330613464141	-0.553679715415126	-0.580047450733297	-0.233867701596252	0.248248528872617	1.15497509770524	-0.421449488677532	0.346258197665092	-0.629872981348867	-0.697279389567635	-0.403240392138756	0.51282708700985	-0.406879830696735	1.54936637138441	1.86085063074912	1.86998293034187	1.76964893026303	0.898785904619411	0.552637052079548	0.542424134382881	-0.605484845816219	-0.42253189238708	1.38171805561897	0.924125170298846	-0.51642338443243	-0.921143249119916
GRIK5	0.432986914131435	0.58807970188404	0.550090240785221	-0.091133452756502	0.209913717989611	0.542178350214271	0.787612042612614	0.291382958107361	-1.19603924217053	0.647404055052058	-0.308739054881897	0.504667708189152	0.519858955991081	0.0273021345759675	-1.64859405009286	-2.13259368853087	-2.07875323707974	-1.7159399081672	-0.0621434203513514	0.480764011082333	0.810387733069773	0.826758082004398	0.695255265412204	-0.601055608382831	-0.660461418413819	0.542234481018528	0.646334920284508
NRXN3	0.842460798453227	0.627934485355437	0.20890870564693	-0.990099965014062	0.396360837192851	0.648335425773733	-1.13734300774337	0.511769725417881	-0.970603372293314	0.774498976516429	-0.801887580918192	1.00944129250391	0.755822578593645	0.851713512241211	-1.4461655423589	-0.841513897912306	-0.368376946381124	-0.129207873810678	-0.492193435120258	-0.854138561626088	-0.755277299332741	0.782770354705512	1.36774252783973	0.783176621521055	-0.983830911724867	-0.870299890682501	-1.13487052483456
TLCD5	-0.144712969679505	-1.09774992965212	-0.503884405080063	-0.0156259199809546	0.519874852587753	-0.522580397525717	0.890929594272782	1.08041073143639	-0.235015716066821	-0.990201542402068	-0.0401353838286908	-1.10334035978228	0.73735547130184	-0.682848360051362	0.316014853863468	-0.597423500154055	-0.399163975530939	0.135154526152817	0.895435112690977	-0.0232133345745745	1.1104025974794	-1.17005591222869	-0.799592976701394	1.03520351160359	1.01518957760164	-0.963283761410827	-1.30726436824711
PON2	1.15657390622229	0.834492176049876	0.418602392953556	-0.978528253568009	-0.556305643830439	1.04076059869891	-0.321354771277658	-0.737102485873111	0.894421163391351	0.731050773067766	-1.08475041044957	0.737657793116624	-0.361206065841944	1.27515196959658	-0.249142042224653	-0.901016592939236	-0.782315097966107	-0.767215954631882	-0.629426087343032	0.454065727075505	0.18362664572082	0.675458944159025	1.22124612456762	-0.0198013323079386	-0.140039601806227	-0.198933644831761	-0.771664667223746
WNT9A	1.06734405459199	1.08690844517903	0.329480153042023	0.108320767511619	0.22525131032087	1.24032717583446	-0.233871665352138	-0.329050732515966	-0.697810258562698	0.774580331867081	0.0836688775586348	0.987901701153435	0.00950989643206581	0.939703920965065	-1.31965092840163	-1.38195193967484	-1.07845086549574	-0.937770846319109	-1.51330233639689	-0.484503290523649	-0.489986093589008	1.54816522416312	1.70207514446514	-0.646107550646188	-0.448531387541036	-0.883870083753693	-0.18175530998662
SALL4	-0.607542919515659	-0.6267099599802	-0.401338050165785	1.50012127568112	0.271296462320208	-0.0525208016965132	-0.902048857581044	0.817710333369127	-0.669729012298135	-0.611919965206844	1.39669974365962	-0.690039799385061	0.00683914248350654	-0.889991342566932	-0.119524275241543	-0.466254865742063	-1.13133462268583	-0.124436414172244	0.142347298654398	-0.299888851750795	-0.604768143331561	-0.57465408858447	-0.409881968257334	-0.716276397546287	-0.608695225015423	1.80758485979976	2.29549725914102
RBM47	1.06854503420928	1.37919459018516	0.517232164529743	-0.635429084425409	-0.540437441134985	0.700994993454919	-1.01495140666355	-1.00093378630088	-0.243782345272888	0.863176333051952	-0.861037735125917	1.07623869960196	-0.326715753811946	1.24395252389336	-0.288755972014518	0.17384832848079	-0.0295119459546644	-0.340850709768338	-1.12404945449479	0.0973820764261376	-0.268868238473423	0.97622024557167	1.78262952947895	-0.574206062993385	-0.9600488214387	-0.305089043908508	-0.258416854013934
ROR1	-0.356962118883776	-0.999235958563774	-0.407853030995215	0.645252334592981	0.56271076880425	-0.14650632996842	1.26748455314162	0.174668238453848	1.43177442110549	-0.655557836644977	0.346425377596608	-0.762238816867738	1.15502364091009	-0.767168419793467	1.11615382293242	-0.455322754616903	-0.705931364936748	0.29360779361567	1.45761361349733	-0.105914544490123	1.36730897756083	-0.753937869822551	-0.820573918049473	2.33373336845876	1.75889694925698	-0.725294554432471	-0.898901199848219
TP53INP1	0.512193925944183	0.795023359901087	0.294182571164715	-0.814409924243171	0.594480351610612	0.502345984565633	0.287086374729808	0.744176796327763	-0.0209177823168049	0.55533921413219	-0.716460076638783	0.858969822168345	0.72062508931375	1.17815661173171	-1.28659070719359	-1.38455737253384	-1.83834581123847	-1.4045620005125	-0.57611284932399	-0.398554873573448	-0.394123213523581	0.95092276082361	1.06947974735008	0.455074930698541	-0.72321915907245	-0.836577519050425	-0.389386218965057
RGMA	-0.685952708719409	-0.340432834226056	-0.201851232894424	0.62517468344447	1.20896233528754	0.0130812015186827	-0.766784120794689	1.40042009210859	-1.03023613601249	-0.652004031172805	0.228557507650585	-1.13612657727296	1.2294201303144	-1.06984877476641	-0.521850135189982	-0.500295615449997	-0.57305666519298	0.108679364161052	-0.793447951777619	-0.120023792133062	-0.263370488620702	-1.00746047380245	-0.601389638016978	0.0817920704638489	1.13557180299709	-0.436627599682655	-0.852611504379457
GGT5	0.91831601427005	1.10947080884808	0.38284786511464	-0.580815595477083	-0.188589984997964	1.05476302825403	0.958489550806975	-0.480195284482009	-0.793185178524093	0.576219859322456	-0.8208621270321	0.438633939929967	-0.963339894254682	0.394371890349947	-0.655075687009723	-0.712990018309389	-0.673774601126686	-0.8091789634114	-0.702608470704883	0.950761132909069	0.601087327695396	1.14967020525261	1.05229303802184	-0.312807593389298	-1.38039292031561	-0.408618584811824	-0.569204036475504
EYA4	-0.706564813548301	-0.872619296008843	-0.217871127172055	-0.189067869116613	-0.184754958130686	-0.848619456863933	-1.14835068871362	0.128044815978239	-0.770904785806262	-0.0678472946069816	0.694307617736992	0.189599131799742	-0.769932186961929	-0.850622969197823	0.423713577305701	1.28845176083743	1.19814440025522	1.11649080381323	0.736368217776101	-0.853118706825988	-1.11814435176204	-0.480785140249047	-0.664723657487953	2.16462433162181	1.45098782481894	-1.13784657384078	-1.18292900969094
KCNK3	0.234369966505052	0.0613227522028846	-0.295879249289461	0.826157572399347	1.3469753399998	1.19418911322015	-1.16983513732869	1.26878616803757	-0.843246826405107	-0.22042853239215	0.753723724313839	-0.391584188611961	-0.467834997782293	0.0941134001563859	-1.04149767194565	-1.03264873316876	-1.20083804050192	-0.973615470467967	-1.0619707250886	-1.00773746420199	-1.13151932007211	-0.733139860090647	-0.0140322153423592	-0.51532824055673	-0.614535201424342	0.173440511278496	0.401844789928824
PROM1	0.0241388918257538	0.352731444014341	0.23421126253362	-1.01889647564044	0.520669885330352	-0.553205027240642	-1.282280303062	0.0251682992307846	-0.634053776322074	0.152436231392927	-1.18671960374986	0.162647741252528	-0.150830765218473	0.0153735554417644	0.347612173007618	1.89828478785135	0.168466598505162	1.83909725691407	-0.852125824104392	-0.885974030961422	-0.66872075654401	-0.563553087060907	-0.806769129731162	1.01715036904496	-0.472113647610424	0.334235759957047	0.640745326620678
KLHL13	-0.595966757659751	-0.878685202202481	-0.497796955756266	1.52813448576115	0.0338244251013073	-0.300257116153025	-0.135743091083317	-0.325039340888694	-0.305593862623208	-0.608718934133648	1.65442284611631	-0.635349146158177	0.21197044433851	-0.416754732415741	1.13909365908729	1.12931171674335	0.76302861490711	1.30119522181808	1.16859484882196	0.0827512534260162	-0.638362739535667	-0.805594062957795	-0.427942190279159	1.96848587421632	-0.502641582028837	-0.553552303771165	-0.57791374562844
TPBG	0.412822693452	0.327283296906551	-0.668335836270971	-0.297594328446909	-0.663010499343972	0.438515064560151	1.63489155588459	-0.866932861371661	-0.602998703840208	-0.564442607314827	-0.345809695302696	-0.728421724059577	-0.398618132646798	-0.91809685050086	-0.567156696948183	1.07085009533008	0.721690602465176	0.65306309855552	0.482589829079198	0.995853925843682	1.75151613605276	-0.487279542088177	0.979132620825069	-0.60769875863434	0.636014658024706	-0.315153159059486	-0.857469078974263
TACC2	-0.623846673536741	-0.27650110856559	-0.645595970760361	1.22524329823034	-0.0720964365696178	-0.67026814640895	-0.386563093540478	0.129777799968136	-0.222419902593324	-0.714715324240483	1.14064291130202	-0.741392815492345	-0.0972716008957438	-0.859176821116846	0.829531340524234	0.983390519298477	0.696809366913122	0.788917185955473	0.899932499054904	-0.357832509055243	0.00666643673718192	-1.01199261111137	-1.17652695553618	0.180504068359376	1.46515283904173	-0.924439539751949	-1.09218768524515
CISH	0.718215582230765	1.33353145853254	0.304993466396166	-0.116077533955812	-0.146844062690736	1.26874962743442	-0.532943890701096	-0.101678020897674	-1.24866012180563	0.820921536680246	-0.312731185686072	1.10719119448384	-1.09095460752155	0.429443636420394	-0.884759169303041	-0.648672694640469	-0.448718344733849	-0.675189941742304	-0.925676264259151	-0.549208200168579	-0.34630307493237	2.43999100698893	2.02683836581417	-0.541805211677745	-1.11650142776084	0.472678427295322	0.355169862427522
BMPR1B	0.43001691590931	1.11162907371854	-0.0132959820742633	-0.739097314685789	0.082722830469362	-0.786398395271357	-0.557088217272084	0.89923418087239	-0.0525903419357964	0.453110924235973	-0.420603112624663	1.18291466675217	0.659265382785447	1.09404387892598	-0.828654210902701	-0.886918774450653	-1.19627578547285	-1.25539426434703	-0.914372736184395	-0.465674330384018	-0.397513281290039	0.659318081392566	1.29918201248001	-0.889908758816422	-1.08360670158544	-1.02750769126591	-0.866736198091897
FCHSD1	-0.587710186195586	-1.2044683319947	-0.600247568525241	0.000893366468367687	-0.711497587426853	-0.336320532701926	0.975002452216854	0.811731572535545	0.760811143567295	-0.950821954444818	-0.136336338271328	-1.2572902236902	0.679643090702335	-0.549807522568462	0.800780574431675	0.875289179984619	0.301575162811763	0.729280814872454	0.927510923829501	-0.134801588944229	1.04534499979333	-1.1205419496363	-0.818419759367353	0.364703856662156	0.774370171009206	-0.154279980531259	-1.08126338584037
SV2A	0.812252951625367	0.970776614221153	0.447058113896886	-0.730216693879005	0.0980916442247994	0.270832588619413	1.11520851357105	-0.539562348758707	-1.3542866952684	0.741668277439008	-0.8763804659647	0.998192533046843	0.29744538104874	0.442933624429592	-1.34490434046638	-1.53532223173987	-1.30440624713416	0.0559625172714464	1.07962614539653	0.219978460969564	0.72691425596567	0.677775956058381	0.980648452182576	-0.426978339844321	0.305881483021389	0.241602899066072	0.226344387014668
KHDRBS3	0.555079744277818	0.831680059638452	0.36107275282903	-0.522725212573505	0.832426183287265	0.893343613297857	-0.271412439620646	0.810550374784568	-0.657566385528109	0.293334967841334	-0.948798066403682	0.129136715829602	0.454713842064025	-0.0824872173634271	-0.72302552737767	-1.74357664314644	-1.94988407880624	-0.201290995683585	0.220332266033249	-0.299484113451753	0.522977416432203	0.207973326217168	0.934749545777853	-0.965761633827858	0.501160447263682	-0.684794031154866	-1.44873134177942
PLCB4	-0.494119371171583	-0.168529040409391	-0.585334085132196	-0.261016641981614	-0.0659350001660956	-0.307971459421958	-0.622993281484692	1.02421389317171	0.0815792475083703	-0.679034685642228	-0.589459660293901	-0.666368819623673	1.22674909084003	-0.563536342367785	0.551580865055163	0.794270754022937	0.251446073492803	1.40988949678366	-0.500806836130855	-0.698540015767769	-0.813448502642391	-0.850343719414907	-0.348606197530667	0.488586457628115	1.36542401026782	-0.39460325279502	-0.717802222270902
CNN3	0.590809866309299	0.49594378522682	-0.285137621283591	0.539636093907152	0.633644287406887	0.720758808994054	-1.036006166051	0.223005682054141	-0.395202822632903	0.00389397233025092	0.31122071942854	0.0371372372866038	0.522302770520958	0.725533582416914	-1.25476923301396	-1.45916211740201	-1.33879398048479	-1.07630630554121	-0.939461581223055	-0.585353367966992	-1.04153473201738	0.586419228562313	0.660069703835258	1.29485500271776	0.0967511298028242	1.90175281905681	1.83765740175202
CD34	0.586599160530749	0.659215402551159	-0.0669167011997437	1.07189850883483	-0.315822472858703	0.142253809779	-0.491513899742257	-0.309443212347001	-1.17238753738269	0.45264129082464	1.15638714085279	0.763369456937129	-0.605867219099213	0.427845734839388	-0.797581660778847	-0.199355737281647	-1.56119581967439	-0.126315787798571	-1.19509833077363	-0.537893656786617	-0.842853988710446	0.24207015138999	0.00796901866458473	-1.91612714523428	-1.62241852259904	0.945786833192737	0.970927034976611
SPATA6	-0.620002316983052	-0.173197512142296	-0.695425370999525	1.0719068492627	0.140791070251291	0.0411597065097909	-1.18699667826447	0.565187867269363	-0.106265007844351	-0.854671356035716	0.960056836651821	-1.08129866699616	-0.121917661002582	-0.519118151418639	0.408149711699551	1.42805598887399	-0.11469926827716	1.18133744919594	0.292011229943434	-0.540126089922329	-0.381398094619397	-1.08662586393196	-0.564890715232596	-0.150229586533246	0.428508436068327	-1.09679366432631	-0.94396069989415
PPM1H	-0.657902774463885	-0.586104865300757	-0.687604576939732	0.893125270840325	-0.207813890133173	-0.260180438497217	-0.698951975768772	-0.0871846206608202	0.0696315348867449	-0.753605791958748	1.06645808005348	-0.689635845997328	-0.0943633719297597	-0.690047251172224	0.781092915350074	1.68876887566294	1.26419778319018	1.17925843940956	0.725033792486038	0.0184398208848999	-0.736358080369304	-1.18650147939022	-0.89779059365283	1.08602939943723	-0.526119936418141	0.474440214364362	0.577359105585599
CYP46A1	-0.629613177115515	-1.00748839614986	-0.0117560161709934	1.38255892797614	-0.0640469419947286	0.274512519094963	-0.438777422225742	0.332750077659982	-0.436265839583766	-0.990274118093128	1.57409653317311	-0.922590518084057	0.0808657837462277	-0.801114330624165	0.694180658490455	0.669424250895846	0.774665345996651	1.00570101232373	1.12241246038099	-0.912200746873249	-0.426497194704213	-0.957170639410305	-1.01617268068226	0.429971168063811	0.714646832389644	-0.770626561541186	-0.037285837713548
SV2C	0.401753327650826	1.42954298743547	0.811831151374417	-0.575253967744394	-0.750992124879178	0.609524657723076	-0.771555411209039	-0.612174840415729	-0.469759678631362	1.10481062037362	-0.682865469824681	1.25700511599796	-0.314009013041468	1.50240443159496	-0.491810677370379	-0.199258568738268	-0.274514290504825	-0.361590234584653	-0.447373245346829	-0.107681709032722	-0.771432510378466	1.16146319157076	1.77376254952499	1.35576032464671	-0.669346274435864	-0.121922941217234	-0.205953654351061
ABHD12B	0.00588287256465982	0.947731951167994	0.777948437364396	-0.778936649035716	-0.100145321257408	-0.220648203320607	-1.00804159807585	-0.733657030885174	0.23913975460888	1.12481383629786	-0.91791977134824	1.32772404061103	-0.516602564574756	0.967055628080114	-0.348466519605942	-0.52043014339416	0.0168891574306244	-0.450804235160819	0.443699809530881	-0.0358403822509205	-0.862283047302909	0.904898496644224	0.372731763131136	-0.793354945092955	1.67082127736281	1.05365269695417	0.297314120435207
TPTEP1	-0.501418159465683	-0.805697167051399	-0.33846570634071	0.046727349979808	0.68214629082807	-0.628724289887865	-0.902483772223338	1.29407870857875	-0.230840714844605	-0.744515257856064	-0.258110934348153	-0.776322788203141	0.760454176692426	-0.863551159255232	-0.316607156065079	1.03701864197812	-0.434790505823817	0.591615017571484	-0.677735482492095	-0.773482120280709	-0.558156648890463	-0.765344750388575	-0.753314808086258	-0.845688909585493	-0.49055411423305	0.0932701821842455	1.04198589874271
DRAXIN	-0.237993549694508	-0.35946733509897	-0.399050428486456	-0.337391703671699	-0.713660481700748	-0.944439022565191	0.78225088630659	-0.659473523663212	-0.15890602165304	-0.412237139824276	-0.234135008006769	-0.555789871307258	0.141637906204308	-0.377998092506024	1.6245241223895	1.25099773742736	1.66185892941689	1.92624633272128	1.3547846516439	-0.178749003196964	0.642728235869122	-0.530247284549834	-0.620799640696132	1.12461672045354	1.9215424827478	-0.670605100046569	-0.556334514607389
TENM4	-0.170518180924318	-0.891462408740084	0.333658750549701	-0.026260487823599	0.417085595303451	0.325405465657726	0.697605643595636	0.849272812556618	-1.14824284589317	-0.214756004996396	0.219957725973434	-0.629775718086103	0.354991914684344	-1.17886686586919	-0.951419033023812	-1.28004014851111	-1.22950101604293	-1.02372634791117	1.33208904587563	-0.218566393969034	1.21516284340653	-0.320855109780315	-0.649991773478879	1.3147716720748	1.25654186352095	-1.15321853767201	-1.51267338667001
C12orf77	-0.216420833322838	-0.118396975790872	-0.117391796030512	-0.590307656751495	-0.580619294145866	-0.630622364949714	0.657961137948756	-0.878225774137153	0.152179425677561	0.0655358883190519	-0.826239575762498	-0.51583732342048	-0.604001017814081	-0.722032435658178	1.05002700703834	1.18959557720482	0.965842443720713	0.801404969880843	1.62783467426518	0.643867960965588	0.861750018364098	-0.127386719607253	-0.21521261080419	0.777050577280548	1.7501998754674	-0.823670660103745	-0.963774968933993
APBB2	-0.573507083443262	-0.911274785266352	-0.230989081144766	0.476501649081198	0.0247579327503304	0.471005122331895	0.801691911056722	0.505320584545074	0.837558011049943	-0.916144223825164	0.219968033176649	-1.16979102960664	0.880786408083107	-0.588366806995451	0.909007245847228	0.777001651217321	0.676761203696626	0.745507366023593	0.705715331203229	-0.570935115828423	1.07960264701142	-0.671399059960431	-0.652494364814143	1.67581357766892	1.29735314041718	-0.274064752360242	-1.52498444731539
RHOBTB1	-0.50586244812617	-0.106618146305111	-0.952009292953375	1.0956018220735	0.180042843823928	-0.292194870772938	-1.55987263055019	0.568571002739876	0.00338454175759499	-1.09890896194689	0.878856345004805	-0.632203403806271	-0.632919862886092	-1.11428419219032	-0.0999761695771085	-0.096952762175558	-0.215452651704753	0.88453221537175	1.07225107382312	0.256471579401708	0.298898433131184	-0.704404164244745	0.444196244621952	1.0709071108117	1.293846573713	-0.647004499406136	-0.102096470322744
SOCS2	0.494471902811802	0.544944900194582	0.314042595602339	-0.496024385873685	0.0410260491249065	0.695913956889959	0.15295752976575	0.147734123057739	-0.603172492346717	0.46777266707885	-0.512411950326027	0.672729525020463	-0.630280917125897	0.638741324760108	-0.18538379850033	0.63270834467826	0.711828256198241	0.20641091768053	-3.42158589770277	-0.00454230590620157	-0.965102442690628	0.988887360105377	0.897337307207814	0.344960384464147	-2.58051670508113	-0.0978240799219303	-0.537567464986198
PTGDR	0.374315630160168	0.625218806812525	0.361572137964687	0.331508666417627	0.878791036399034	-0.0854934256776945	-0.602261854490758	0.437165771557299	-1.15753978599199	0.403648966478925	0.701384886979543	0.866764380997687	0.799683259105188	0.218318887860687	-1.3032543710212	-1.35772864948599	-1.82644567238771	-1.04781475339486	-0.274231518173671	-0.446827515844979	-0.257948925158378	0.865275153948819	1.3019598901298	-1.15786302800713	-0.615056712079592	-0.877711921784444	-1.30483897755831
OR13A1	-0.0598922709278946	0.364022617387441	0.454812988245133	0.0317098706264326	0.393355624018539	0.696435864252866	-1.28912029709328	1.24037973803323	1.08611007935979	0.345609005155789	0.140244368741724	0.0272326074859757	0.765063643615089	-0.124770942968891	-1.35415406319184	-1.36603396889751	-1.36338654057978	-1.32453666427291	-0.496681978894915	-0.614757029776131	-0.450099648608862	0.172928243547505	-0.00422087571248461	-0.951449873748969	-0.996921250352035	-0.0679097447624248	0.498179351436167
ADAMTS15	-0.575803594560935	-0.636371434722887	-0.358416486125946	2.24184607098103	0.803745744694371	-0.0759056334358816	-0.62614793043055	0.986458233620604	-0.801678110917761	-0.500969158593457	1.95230434414729	-0.547401787337265	0.191045456847191	-0.647404469695229	-0.251115737775414	-0.576681950471499	-0.675326773859693	-0.339742132541373	-0.137243505292254	-0.454293235789257	-0.458706313461409	-0.650157218441388	-0.553759181080081	-0.621044185744722	-0.323383298493892	-0.478108659315366	-0.584176471641103
