s.area	m.eccentricity	s.radius.sd	h.sva.s2	h.idm.s1	h.sen.s1	m.majoraxis
363	0.769368293019746	5.29616154935745	354.680697964982	0.346314156370718	1.20885158413908	40.1444735829109
33	0.906664204317231	1.09493654668668	250.868407193432	0.376320977324073	0.990759899771728	10.3484717406413
82	0.799049300654189	1.11486020794661	445.971692147046	0.282770275911148	1.23748688419014	13.4770273148808
57	0.934337791628109	1.87967914536255	334.882819814014	0.363840725698311	1.04544019818448	15.7472102757682
1124	0.768546162609277	8.61203181257742	332.179013183888	0.347958547751972	1.17535310157067	76.804848919266
38	0.842036419642757	0.910209722140662	197.614301288537	0.401616836194841	0.907195638595094	9.59838862600425
535	0.870944011615105	6.16169662470564	367.105706787223	0.329991767975242	1.20645266503037	55.1746563166528
1111	0.98160781485197	16.6723953518332	388.92658432981	0.340387546184108	1.24775492223751	141.898450622399
48	0.913248920180166	1.35658017679736	278.0164981768	0.359886258037519	1.00446229243613	12.5369983054438
1902	0.951571124751619	15.4920490407088	364.688094620989	0.34018956762727	1.2155085154703	142.29748766423
92	0.786760948805166	1.88235624416582	314.698346054872	0.332940571391074	1.11116371808134	16.3945118906972
90	0.908465487719499	1.94582056075408	326.924583510176	0.362114748979515	1.12232005554204	18.1144675652433
121	0.921669642611947	2.76477737531704	284.432639312295	0.3685685524265	1.08770831612	24.1025985156602
43	0.251985976817842	0.266180191437306	329.044373891198	0.286911494939176	1.10301064701858	7.51130390258097
70	0.934772847273583	1.87278142999605	724.452934480428	0.285110418536955	1.31715275734467	16.3046129162973
112	0.690108809809501	1.86354231903059	361.217655767489	0.336605543129607	1.20529520272511	16.00233618966
34	0.850217581600301	0.876362901009987	428.162883153724	0.284303974562798	1.17726673183412	9.27919840664823
52	0.837025999364796	1.47479884407179	190.052761992931	0.438899857885659	0.837776901167453	15.285805058506
245	0.927688419762476	4.20824108182859	510.62649430442	0.30373899057864	1.32465569565788	37.2504404011951
86	0.942757626925124	2.64414425060263	264.51176666343	0.350337607943627	1.03719335190737	22.1307363152212
107	0.952564374187032	3.16934038590346	325.001247248016	0.419495396867112	1.04432784242932	27.2812399519342
294	0.948751429900287	5.23085046660366	283.354852491764	0.389126848056639	1.07440987904522	46.5015807303738
246	0.849124296884325	4.16382703828353	449.273088556146	0.328088618205694	1.27106412636227	32.5526780923401
98	0.919754354265818	2.45930959854474	334.483573850827	0.357419871957152	1.16563121914812	20.7521526473896
139	0.874298458075927	2.04444888661855	401.021552033916	0.319331459927368	1.23358049713598	20.7188068871967
482	0.951398682431757	7.82741893811523	410.899337829464	0.334677300052327	1.26064202523915	63.3567260827898
65	0.940978361169421	2.34473700805774	261.924368182212	0.39613112247544	0.984299720089868	18.4126675535057
32	0.77270065015409	0.615185798406914	220.726285982282	0.392989707974228	0.857642298275149	8.0917632661966
245	0.942575050406577	5.12261389850549	391.696714310638	0.334615091109209	1.19966553388936	40.2539132101306
255	0.844178592807245	3.70285214704169	320.233969468228	0.361336695549615	1.14592773399826	33.4251397494733
82	0.943393957573168	2.42315691237796	308.682480235243	0.339770823541199	1.08781777674899	19.6861463330957
521	0.835711487730235	5.24956197361174	449.479767627119	0.319452311643141	1.29388305830168	47.8115549484244
67	0.809022610888055	1.22848988241632	406.786960157923	0.349326593053916	1.06346399015873	12.8169309549133
141	0.935794378861692	3.17827038354887	368.849362969222	0.340550144468325	1.19746193627241	25.1892835249894
154	0.648937096642932	2.62404408367577	354.630004356879	0.352820231349643	1.08734188433936	20.9637251502876
40	0.692737233348059	0.679304873728839	323.283564150033	0.364365233720072	1.06719313432229	8.64129480396537
336	0.938025470519606	5.13780047621292	390.401872324576	0.334285477406683	1.21411510514756	46.5755750789165
769	0.935406944646592	8.60961546308216	373.635799788541	0.342640931040831	1.22414105167001	89.0361637786696
690	0.758186013296626	7.69639660847737	347.034120297176	0.353746144812629	1.2085845765999	68.5558091211191
55	0.915304734371127	1.45502026230695	216.819943035548	0.419294798489845	0.987979191800396	13.688128641034
351	0.905723443952369	4.97961996393534	436.7711551385	0.33543861969186	1.28945445817505	42.1705701285415
61	0.853494482938945	1.3493174371498	503.135427642705	0.277267572603213	1.32497879839061	13.0421115801719
442	0.893152876347127	5.79886137579386	346.582887127164	0.351400376117524	1.18881057941008	48.224667496853
66	0.828291218882502	1.5053512587722	226.261194972076	0.371291913976094	1.02984662503974	14.0701296595435
108	0.824713313607052	1.85094024389218	413.494442128217	0.340187536155811	1.21396311706396	16.9285377066417
139	0.703283958848544	2.4765149966137	209.004485078183	0.393863504516351	0.943161289439399	20.4551733687443
486	0.856757614086141	5.63570273644346	430.550469083568	0.365357694690492	1.22945590246528	50.2970376659439
127	0.194405726444723	1.67514871224201	454.30254193079	0.304161529447362	1.24179627377012	14.6133915342334
80	0.835824741964465	1.77371555213108	268.002970076712	0.341159958448961	1.05601871863822	15.492918411831
35	0.762743791287997	0.756784349298364	214.46273844638	0.384302171596289	0.949166293671638	8.50157419011849
551	0.721132494501013	6.41462305035323	416.443848992234	0.352415469081379	1.25273361738744	61.0719286777303
389	0.951991838189701	6.05684600628825	547.270806188156	0.331975955526742	1.33310276061847	50.0362778724497
277	0.919074916137114	4.85210421442181	335.85191156454	0.349278416792523	1.17229456019432	39.2590292569607
103	0.898291365706281	2.37469765000705	258.556583053877	0.37952413285506	1.03745322180841	21.148665616672
1067	0.66344276833894	7.45243388371106	418.954933170086	0.33129310255384	1.25572610823818	68.4056140065908
511	0.949312585134482	7.67645138318136	356.96660257112	0.358991995849198	1.21040698769067	69.4343929510874
207	0.497875435590026	2.44637337282275	408.428186036717	0.331163957608607	1.212953752875	20.7795644151012
238	0.877935323336926	3.40928118327307	392.448077327057	0.332469393479671	1.24417647133464	29.2089357699112
86	0.887525283372929	1.5511095851651	377.699441961652	0.312967891733426	1.15254848939029	15.8468833616249
306	0.93270556087774	4.86739607207065	497.060482676977	0.320780194590044	1.30067743323912	42.0553258554548
197	0.742963957903484	3.11777430093422	307.530483624655	0.347034092075068	1.14884561870114	24.7034020619825
73	0.934743218229764	1.80752352103752	257.72170417986	0.374983806555815	1.09253036508773	16.5131941244436
182	0.995817510458418	6.80774722471464	224.152194480503	0.416311422175296	1.02180059973879	56.3176000809161
306	0.73708259636038	5.11314115093304	288.670668338393	0.373667890844361	1.1165350991891	36.0787656800328
304	0.452906048418894	3.25691124814581	318.760222659122	0.364180682850556	1.1377441843942	29.3390734816572
48	0.71339098464614	0.961192575678772	261.186292586056	0.364162862650258	0.98210707148913	10.1018369899117
376	0.954654228335714	5.80408128565569	468.994742756228	0.351507484768852	1.29166859790722	47.0207716703335
275	0.868941709618512	4.08976272951785	192.150476053981	0.432111644787976	0.925110848077627	34.8769407960278
180	0.957310585439675	3.92763183131105	297.645163466546	0.350061101825808	1.12688966336908	32.0286163498583
238	0.972086930933034	6.13258141626231	247.201973848796	0.382770595315487	1.03560829704235	49.25231683251
43	0.820804459521744	0.822094553146782	232.104922470372	0.376781675357527	0.9983640326301	9.96050624484602
451	0.795034933139974	5.03825673078309	406.562229069244	0.338209782135016	1.2305275265444	45.1207398290378
48	0.787727741781658	0.866153838218535	332.459456402998	0.324691085617243	1.09472629487159	10.2396248690015
54	0.864952567801921	1.23180376445922	286.400404800426	0.358691788491014	1.02266621971114	12.3078447889586
654	0.974649653840403	11.2686870747523	474.24195134399	0.306142080848749	1.30440197317158	88.2016670612655
156	0.864959257617196	2.82001078739461	238.604748156886	0.373229384046312	1.07060730093237	25.20577914274
132	0.885024961870398	2.13621182108218	429.675079701645	0.331766908311026	1.25022856582032	20.2133317822041
148	0.805429305556211	3.07486776520063	225.206409374645	0.38412176824321	1.0161327212089	24.8144801245781
317	0.724675604882655	4.40530044295894	326.593337290497	0.353069705134739	1.12728303732082	39.0649023597368
35	0.535895222161356	0.40521356472388	289.231055487421	0.37463718990911	1.01678227140658	7.33526550461301
72	0.70344173330584	1.28040482049666	267.598693013958	0.358183630165054	1.07437172190103	12.5596338358843
195	0.834554730845035	3.47460419167481	311.308886532545	0.344036593789205	1.16579676799844	27.4480003139366
73	0.748102618638637	1.31680930858697	286.479225314305	0.363304639097261	1.13102522158569	12.9767794737184
859	0.922645985004255	9.29623745664382	341.529611403258	0.364518670218118	1.1862309010058	77.7030156754808
357	0.948690173797739	5.81672046878978	337.820634267202	0.348984935988784	1.16877391694518	48.7459709333472
387	0.828097692631267	4.25206410587601	353.568525024805	0.350529150762802	1.17442327891592	45.4788301822419
238	0.897120248257723	4.18568018685591	340.467704366966	0.36194433937252	1.18096100947241	33.6651962619302
994	0.813507771767662	8.65922754516174	400.787430100422	0.340136941837457	1.26132727676753	72.663067388246
212	0.416770604123743	1.95708466910019	706.415401384568	0.29447955910954	1.41302045230478	19.0689770706855
87	0.949352442153777	2.31198424561541	299.197973966729	0.35638350417868	1.03657744550691	19.7557476309386
404	0.400149790635718	3.96067111654336	380.592822557158	0.344220011087889	1.21828107658131	35.360437846169
74	0.687543284218767	1.30302179099745	290.17144135963	0.361474225970737	1.07751521053556	12.6891958766218
199	0.899733755341854	3.16304278707952	317.797237770124	0.372632002895378	1.13871049627071	28.0919790116092
132	0.563057885816734	1.10836796150272	626.356369219793	0.292228792452759	1.36550794074936	14.933253948447
53	0.963702988611767	2.01542927171948	193.262933498013	0.424401673483727	0.865224468201507	16.5039167015108
501	0.959174452267922	8.24913047674682	313.218102396677	0.341861689411358	1.15532872104503	66.8323632239774
531	0.861161850587344	7.24877978549135	338.359124072329	0.341233996455426	1.17126851165676	62.2415726764991
103	0.906938733678384	2.21933007484239	296.382112286788	0.338151919928844	1.10749988869662	19.2705616161637
242	0.784061056394322	3.71724302814541	488.347581824339	0.343520260205682	1.25819748534194	29.7190111996382
833	0.933461007983832	9.06444570493862	403.958745254544	0.340142461168003	1.26265754534607	79.1726232712313
460	0.775236692080486	5.24460448591768	330.002833470507	0.363318767786103	1.15916249155851	47.5001685850685
343	0.93895449640456	5.83360126812367	325.258724592463	0.337186247213269	1.13587701887823	49.2261997132814
34	0.587285634139304	0.520517467572352	215.820730436129	0.369129001239728	0.92165252630977	7.49475099536107
54	0.903339042398546	1.77212465617796	181.201634686574	0.447608566711508	0.866384654144266	15.0956996480487
31	0.749270044644256	0.525960515510479	211.107430988594	0.358162062222783	0.931078419619481	7.72626827194107
234	0.735950454019033	3.46584241503643	227.021909663532	0.373961852003154	1.01354108963928	30.538291210189
75	0.835573750587997	1.85793094587004	217.473297311288	0.349816600810515	1.02379392878101	15.7462031481643
726	0.847743836191934	6.90108536426221	402.204658486006	0.340401988064304	1.23253644610442	59.5699970185651
91	0.871208506175731	2.03767408719366	239.474834641996	0.394801271860095	1.03643687283279	18.1463231166473
52	0.809666930151017	1.43382861768351	189.651123529998	0.367983620461799	0.847443447725196	12.8987954310791
554	0.972465484399058	8.84979940487523	352.574159510259	0.339297625827386	1.20093623472541	73.4102858572367
34	0.950918565634554	1.51637170006903	137.411854348611	0.484132712668382	0.736213830425141	12.658636206023
52	0.786679980845791	0.806342073221901	302.94750187862	0.358140267787327	1.02856901666926	10.5493276600613
38	0.647615058921523	1.04315829926332	169.816750224071	0.471988446106093	0.824995366277109	9.24872016786084
33	0.713194418539883	0.608151500590492	205.469368327703	0.399923757570816	0.966079301612496	7.95038020276077
1161	0.916164450205942	12.1212240187502	377.725299400271	0.330664546651023	1.22851271875398	100.990515595923
134	0.874931641034149	2.61091754068894	279.916194614033	0.346400245368489	1.09255010256049	21.6854847558826
110	0.775228379215194	2.14596621888795	372.407781897348	0.368700424457199	1.12824575305236	18.1018399769254
85	0.903840750356437	2.0059559637771	267.388241250211	0.377534302625052	1.04792876799768	17.810842931053
125	0.674089835679107	1.97291256181851	398.197921764187	0.336416554809184	1.2033465842117	16.9637135447377
105	0.860898143425242	2.09032093578094	331.353345743193	0.360257445608825	1.14742713705135	18.230464424741
230	0.794986584073962	4.27799487229836	210.620006340896	0.437452248365381	0.929274463112759	34.2542576585576
126	0.720769248140745	2.43634538222782	258.420084511794	0.392322158671553	1.07704626279232	20.0908383448467
450	0.977505936451451	9.02830851002167	292.275975010996	0.37401798567574	1.10435558198461	72.6661115419654
36	0.680487370480004	1.12819108827087	180.845536506312	0.48777263442377	0.77298906436725	9.41831046424358
3193	0.66080675276091	16.212339765032	330.479727750231	0.362395322512498	1.16983403440925	126.14276508805
634	0.763109503954304	6.06239002386009	317.360031809064	0.354813017687095	1.17547683329541	54.4733532301069
107	0.867099828945356	2.13845315956355	364.54734237622	0.386970373509361	1.08938590568852	19.1094547537007
518	0.939665055273127	7.09811781882555	385.917478715851	0.346481120398108	1.21398932316023	63.5200889152858
78	0.878402541051724	1.79543083452845	316.183655672581	0.33365754456836	1.12011760416394	15.7185954646571
108	0.822425702109757	2.16726864857595	342.699737737673	0.372746562025334	1.13303945208963	18.3601930089361
304	0.937675507322477	5.9064287631438	349.816427018068	0.351174566882671	1.18451923832549	48.3295607011397
191	0.972855766874083	4.66990676082043	319.933109702902	0.342110999775137	1.13607843370721	39.0334230925045
201	0.765809326708365	2.81384037943119	476.821669059099	0.329705042361118	1.31540941798808	23.3171686303885
690	0.969082001573585	11.5142179374794	342.822125939745	0.353426213583419	1.20028038555345	99.9998103942032
87	0.793691417656464	1.8061452941161	298.67603035131	0.392491664983403	1.06827859544573	16.0379969811564
174	0.575673566010053	3.18509894301844	278.887645739398	0.35786883069236	1.0853990740432	22.459671141665
155	0.696979025944766	2.44772338899408	243.210452603582	0.438564220047596	1.01422452388486	22.8998166809752
167	0.852822572560229	2.53523302546556	465.448599635171	0.329576731829548	1.27933133785706	22.4779190531823
73	0.818647268405341	1.12562496384235	389.427799566641	0.320561944569755	1.16315547746587	12.9653804662627
385	0.951679517385333	6.39440592641041	446.291869909532	0.325983037468581	1.27395654790279	49.3010731888643
59	0.6478391705708	0.779594595490804	340.015047403488	0.333064482359216	1.11281756392332	10.3032001665806
111	0.454309180892936	0.935562469394682	586.269230147304	0.314375594820245	1.36355203174524	13.1252492657254
121	0.89732080343665	2.62674674835022	241.957261900483	0.355153827778028	1.05919253064427	24.4859258732017
758	0.987872446441297	14.8876356817103	536.657884940692	0.319300631167108	1.34196386257203	116.188916427742
177	0.8528381960791	2.57221333164612	388.914425131676	0.341710546416429	1.16772573566499	23.8022196364602
144	0.803286044672829	2.43666882740626	284.505231548632	0.38506400859342	1.11775575064753	23.7301395237043
43	0.84753991014827	0.884512441265915	242.925649644329	0.368327520525663	0.992252157846943	10.2126517567219
135	0.859147669270879	2.52123867782475	253.464035784314	0.404101354684014	1.05899399427676	22.5016525559557
988	0.67156458107188	7.65668192394317	398.241990511073	0.336199858360108	1.24038287772216	64.4578877975438
157	0.952190345812948	3.72267905726631	357.931799716407	0.339341419140727	1.17065406954585	29.684612658883
85	0.900037585256831	1.9873545095053	263.1184925225	0.347179207479765	1.06575143540231	17.6463081419447
42	0.938482073423446	1.41934320093346	175.958251920522	0.409124897360191	0.887741783568475	12.6010991874859
113	0.512647554786979	1.926268428721	243.292748003645	0.377989696279671	1.02838960969189	15.5482806808831
38	0.895862381887645	1.17393315375209	203.613668210425	0.443841456375816	0.766514575188906	11.1722616268339
33	0.941760460886292	1.29033518370358	167.78126544989	0.495947063688999	0.697195835681206	11.5919190447443
128	0.704335763368099	2.52063853593965	328.868085818203	0.351902518229946	1.16256056988773	19.5995805585333
190	0.859833332629424	3.22693104311345	359.906721979686	0.348709881452482	1.21399503541228	26.1240917536843
277	0.868935003333947	4.18040059183988	365.536422150266	0.331168986180751	1.19321755489663	35.0998151783273
489	0.861180009446142	5.94133515206703	459.028060294088	0.320252728781438	1.29806756160661	49.375862554311
539	0.960628133894982	8.3529147030238	274.316015479069	0.371266954933339	1.11214296216404	69.6546576858544
36	0.91025798351994	1.20974205763931	166.638325306364	0.499190220297487	0.823100779954347	11.2434442531208
267	0.936736177693327	5.81163662798954	353.718241212108	0.358134885363509	1.17612375108413	47.9105138662933
35	0.735784330244629	0.643982061732387	212.657046890445	0.392267173687818	0.929453930691348	8.29280137727203
267	0.830649273916154	3.70734441650413	373.235101261253	0.340212699061204	1.21388090627746	32.1059302234784
105	0.694158869111124	2.10267902571548	250.508480068574	0.415727864555003	1.04444126693702	17.9061528929692
159	0.541226149565767	1.91072496850691	430.653275005265	0.32184268846171	1.25589339783431	17.9045480566165
181	0.826028506122793	2.82468949813776	437.198539102162	0.328018669988396	1.23238328420535	24.9289126670088
46	0.897631765666579	1.25605154663618	202.557263448509	0.365899544017191	0.907068169534507	11.9111795426298
472	0.869269118204005	5.41015927015458	377.218506030347	0.335158884584001	1.23734320302664	46.3618711001103
105	0.799575360539213	1.2193823212385	304.182779815371	0.35969736824226	1.11892233956771	16.0515844364333
483	0.973837091820063	8.54894596887301	300.151832960636	0.363407102005191	1.14460640213999	68.8677387040746
89	0.807493830772194	1.21250679607625	405.084054201893	0.327738762921216	1.18850377164601	14.2906421474892
599	0.497177166342762	4.66909825355964	403.379781409733	0.3435804803644	1.21932083342257	43.4034136423096
149	0.917246471305463	2.80139277049649	537.478507115154	0.328472429161604	1.33967949792747	22.9260594319249
287	0.814265632869027	4.04035135655855	254.450463994308	0.381539812447865	1.06044285647633	35.5876818378488
1496	0.959304127875678	14.6112262117778	328.357786341532	0.364898293623023	1.16223168445429	124.266536829275
53	0.904436287183941	1.34377770439466	242.680765053896	0.391879161503541	0.940932646121436	12.9424407494823
77	0.757228959007464	0.91709713864721	436.524193100202	0.299358197925376	1.25708067825372	12.4100171593129
161	0.940225399609409	3.4094925295914	418.090389778219	0.333635250404941	1.20857653223286	28.63993009103
847	0.915752525352626	11.0294478194501	385.478541316392	0.343000840632058	1.23110069437087	89.0934020554788
31	0.934827350176732	1.17828075684122	166.767588521111	0.543828264758497	0.685348019096733	10.760849984326
38	0.944588915129382	1.57292760634976	195.710299688898	0.470223409860573	0.770692022183526	13.2039496538073
469	0.831097699820953	5.38361691233814	371.218429022336	0.329155009117542	1.22904207513343	46.8326495596211
43	0.886309763450135	1.16521557847115	208.912443344837	0.434265594648632	0.948899064791329	11.436413409226
203	0.923073888059343	3.6777652594721	209.844288288549	0.379524896402301	0.962652121497124	34.1920325229962
42	0.866804737482451	1.01218518883826	246.337897435859	0.394195934332733	0.941140747469735	10.4471458850497
109	0.915306916080901	2.74749636733712	238.784968310283	0.384173408941211	1.01990631060758	23.7082259369045
196	0.934806355766129	3.73602971485294	471.801341141523	0.330354980770572	1.28338848396382	30.519945393638
133	0.912895199192812	2.78777998402385	351.641513300993	0.320025421707615	1.21335786972599	23.6718634087095
386	0.937816543438433	5.71620346854914	394.423954140689	0.34436540303548	1.2046397104898	52.063688642985
538	0.859282552103708	6.70362016021465	395.616450413565	0.335353997524851	1.23640167011354	55.3660131985375
92	0.91610697463519	1.81125659286682	361.741367421209	0.350560456458239	1.12697484593345	17.6871027432576
409	0.913954784320657	5.86452795139825	344.31002448095	0.350095503987646	1.19289707876796	51.0374219128428
43	0.862929354583816	1.18398316168855	198.462982164273	0.446611494129876	0.82680703860231	11.0924562853418
36	0.779458304857914	0.74013239368134	228.60606773369	0.416652670770318	0.887921315981427	8.80286862997079
153	0.917367919312878	2.63278413997999	384.170273995405	0.349210221857281	1.21615696050159	24.2454959037451
121	0.830201497204043	2.17581649424742	393.143463999819	0.333670990865561	1.23774111924517	19.1189587939517
385	0.527757334480988	4.42178506872042	408.300218239203	0.336402842125674	1.21874195733914	34.3046560593265
378	0.874399165298655	5.26869703368505	407.960670079515	0.335775142931393	1.20736375723479	45.0680338174196
121	0.865965725965733	2.01211958269625	407.749514587414	0.322866060163357	1.23484052771878	19.0674662787697
148	0.935647187860145	3.3577467659799	332.008096464524	0.350983085726198	1.15217388219448	28.9596490508201
57	0.545124389991982	0.449665385092159	378.112608632919	0.311941581284142	1.18190673874923	9.35445305575669
225	0.670270299256687	3.40117755121071	336.41967820576	0.351364757192762	1.18297359800015	26.9302004045743
104	0.473176356847236	0.78765123368334	588.480909166785	0.293548245077657	1.31359368081625	12.5179441377602
202	0.817774503471332	2.96840772656732	286.262131441954	0.363469018983038	1.10061383524046	29.1487267258398
116	0.917236353708399	2.72709713373063	316.376460478857	0.385760452760453	1.10009903261443	22.8661825968923
66	0.546211636813546	0.931380180048347	296.714740832489	0.354243086007792	1.09804510802861	10.6944152379245
193	0.670570024808952	1.92655251489435	619.038296719886	0.292970527088174	1.38873831732275	19.7951883337283
53	0.766634726110648	0.820095876061867	271.269082225784	0.377091056796939	1.07296724224523	10.5303797954049
140	0.824612578281819	2.34914158606053	228.421240025342	0.388963776892866	1.01570392228041	23.1687329434615
935	0.776807282752985	9.7225269380387	306.845490288255	0.351016058777379	1.13624729337468	73.0758809698225
426	0.86857804149044	5.18707367617762	516.513699520145	0.310562870807704	1.31887239159519	40.8090279798978
86	0.937726694312551	2.25084451397541	288.702235525293	0.394015723158332	1.09632573812476	18.950176311422
229	0.878504795812364	3.5516259154187	760.562004907304	0.322980140424046	1.39863008073075	29.622565387164
67	0.707192416628343	1.03202174921523	380.501132770219	0.344275759290807	1.15684975868791	11.5714727868976
62	0.896538163037861	1.44883375375828	246.454731861672	0.372203754811396	1.00452408315307	13.9022591795703
171	0.750181080558729	2.37599740972939	364.055979541021	0.317119570066863	1.18740833223521	20.3204907521253
70	0.771255353201076	0.997108393652301	362.196212487583	0.322318057946108	1.18230191015014	12.208321796154
750	0.646221660213361	6.73981312089247	352.542818490475	0.351829842560666	1.18655595059625	54.0404307418958
295	0.929322852051446	5.37857025115995	327.873979109827	0.369796110208753	1.1481826306165	47.4646526510177
126	0.904722393663484	2.18077698655018	316.368431397791	0.371090382498753	1.14780263238016	21.3482966721943
535	0.885014461451606	5.71971632530835	357.038472487586	0.356894171011818	1.20664265230563	53.4726844420917
203	0.926064396455243	3.76294249749072	262.694554889303	0.388116041946925	1.10041712977802	31.9828277615166
686	0.961070975755949	9.43617584432388	445.388609893962	0.334097192470673	1.28456594585171	75.4937092376657
45	0.828934382864624	1.21397076827723	223.986545914496	0.39868291821233	0.91827743011355	11.1215169131413
82	0.936631784837498	2.27000650333862	237.917560788603	0.341956795192089	0.989898734593374	19.3243351257183
968	0.828076920776029	8.128976685541	373.672573142552	0.351379977036705	1.22664202001987	70.796882427962
203	0.962186357973806	4.75190414699825	274.818247963379	0.357553141376671	1.10916161387947	40.6606708864115
262	0.782530411937074	3.96183151491101	399.536184477915	0.31804261954262	1.22050517723709	31.8857128345698
342	0.5976684030926	6.31877159794955	276.178246903676	0.378737845121786	1.08643184705005	45.8534874398329
310	0.898689867828397	4.15236346220588	378.330025690492	0.372588789038596	1.19513868343472	38.1214015140461
713	0.578609810197607	7.00263910785862	385.706626913493	0.337100690446695	1.23348879962645	51.6465382342433
32	0.890858703224309	1.18857547423616	182.623688145436	0.463822203412422	0.832168014231698	10.3408074645336
71	0.848911575998858	1.97559289554115	216.143777517145	0.41667522336253	0.916620043744871	16.1073136506774
196	0.796770393865412	2.76763993688114	297.479182377557	0.358999411471122	1.12415448060362	25.6266939610696
184	0.939774576782623	3.55420241190298	412.765846237227	0.323268847982333	1.23003433726162	30.5517135171037
37	0.565710239440966	0.621251380777182	225.424671072394	0.397545345271895	0.931115071035354	7.90397255496582
142	0.87425652299154	3.07056186850201	215.149271063094	0.434743194924191	0.967712304120853	26.7324830079545
72	0.827584456124188	1.14764276104691	396.239704267504	0.309420809275628	1.18572233298223	13.130515619059
85	0.238775041802421	1.54394076148336	376.62736585376	0.367019364458045	1.1113502233989	12.2666518837001
58	0.833365303130393	1.04295417570051	304.330432376419	0.372560389427397	1.06421774711586	11.8040357049029
50	0.626009421599517	0.827942177516788	149.272357885451	0.421556065253544	0.793283986025893	9.99865608533686
118	0.97131440570957	3.70148993172436	249.881456851882	0.406460375013634	0.958630449483108	30.5282151220476
1882	0.97997157004598	21.134054563648	383.497873928847	0.337345439761025	1.22691670095387	178.149320657149
500	0.960735423936778	9.28359538189055	347.911233115975	0.344388228944224	1.19675010520049	76.0193349389251
36	0.877558722835307	1.21279426904969	134.162286846063	0.436953242835596	0.696484724743217	10.7972994149821
209	0.972132173544186	4.79822262775126	328.485792384882	0.328882909273933	1.17892339978223	40.4338442745326
120	0.976535297650416	3.64297479292229	239.429320289198	0.377068205741256	1.05584611996856	30.2437368011681
52	0.436652530489433	0.380648933989362	373.123537215323	0.29775069776462	1.15882105756074	8.61058277209489
48	0.715313065336189	0.539552290884635	349.732997278776	0.328026440967617	1.10188601293487	9.36737179119484
256	0.898439940629286	3.38560080546652	357.273913904939	0.343599873819775	1.21341967267255	32.5875738899712
211	0.954273970686828	3.76957369743033	490.771514154198	0.30190282810867	1.30481875835519	32.1291389990155
33	0.917301574690163	1.11584140124215	186.898095986955	0.428966301431883	0.803851470548458	10.4953543797414
41	0.583422957407719	0.554420386258431	275.882755120363	0.347557628734099	1.06949953742719	8.22367326554541
46	0.785695952719005	0.772725407592973	286.576035138943	0.378865902257383	1.03182487437116	9.89528229041294
388	0.961717081308717	7.0552376266907	350.190908050931	0.371948889468313	1.18522596274872	59.0144017814731
64	0.528186601177507	0.733760937629221	352.53846989422	0.340165388400682	1.20512732426614	10.16086878604
148	0.708074853945808	2.37698133938281	266.503415657337	0.400871829200003	1.03024233005426	21.9902135114157
276	0.921781835681074	4.43158759554951	551.921282253509	0.326627831480932	1.29918484058603	37.6038091043958
59	0.637161566544737	0.714393580522368	375.444720035021	0.312946171224809	1.15561591283974	10.1992816720522
291	0.821065034204407	3.45180177321463	311.223746074532	0.35495328334396	1.14280682760554	34.8466641630951
470	0.85541655597178	4.98018567462544	372.86010492542	0.338533901621009	1.21549847923361	48.8621073470363
189	0.902320114982034	3.14629905844431	321.630586207743	0.357818113720295	1.15537129113674	28.421710976258
90	0.910705552055443	2.48592196394737	191.680903517949	0.436351953627495	0.815531415846256	20.8429980381456
117	0.853056691921777	1.93248214377056	400.332703019384	0.325726301391763	1.24904365915022	18.8051526513213
81	0.877736888222177	1.69919294334174	298.556978281926	0.350701301877772	1.08081411149625	15.8069376553307
87	0.925836521022003	2.19182790876981	297.579866929455	0.336581633171143	0.991985949029198	19.1725585875589
320	0.753522824864412	4.55574057254261	326.540712791314	0.351180050474168	1.15756490801258	36.3063931794315
582	0.911319006394301	7.62223290958641	457.568800285586	0.325223001656024	1.286907663266	64.3412783647206
151	0.862598906606316	2.62441062321273	307.639482734317	0.336036390088417	1.13700132647191	22.5590173646623
511	0.964541244279667	7.11547472683465	538.193150819416	0.308667619810505	1.35530272364335	59.6274856248534
72	0.770066015663969	1.3548754859017	293.455897972734	0.35526723381927	1.09443594263828	12.9876254139981
193	0.68288933210879	3.53777400730991	342.376443305602	0.344909068252917	1.16068598252796	26.5450776951727
121	0.864935654618192	1.59670498084298	564.056105708708	0.307514738819087	1.33040834480646	17.7832346265572
206	0.955561709464341	4.77260830992705	269.563549210979	0.378529763035395	1.08411472615609	41.6356559338042
62	0.815771835498221	1.15468275463693	315.293209844139	0.35830579242344	1.06227571938497	12.2641646884732
182	0.891578218117646	2.74774745040417	420.093025715412	0.319316141874191	1.21754274060843	25.2189893054461
742	0.768056526380443	6.33690805736954	299.754320694979	0.355035733143524	1.13027670064681	56.5737246161883
110	0.833563531063354	1.85357287987892	559.813918182575	0.319908816306084	1.3095228165049	17.1827683684328
1199	0.973745966537634	16.0793460768791	390.796232757003	0.329476770165436	1.23435356818238	138.314801636725
37	0.948632631994168	1.60690100906861	147.004782999133	0.476621417797888	0.671082569964306	13.8286314234064
50	0.836593164525175	1.27331160387667	192.862051116853	0.416961232725939	0.883796227369052	11.9161207593242
1344	0.838120722582985	11.1802029335594	305.987385953086	0.372056852244189	1.14313494758788	98.4261220694438
207	0.816618523111243	3.2899281592048	315.95281737546	0.368185131641014	1.14044595368809	27.1727331611052
237	0.932352775788101	4.77282950287809	322.358174478097	0.364637904065859	1.1169144247767	38.4652580149596
96	0.619333623297117	0.828389238127917	525.816770703717	0.314185276523782	1.29634257472228	12.819867682187
251	0.951693897704528	4.74422934200753	295.535419763107	0.367998066753886	1.11409044410087	39.2784852857932
302	0.899292360086397	4.0574404553924	283.810468642382	0.364709034826682	1.11650332174224	35.7729592314106
1516	0.990217002938756	25.2781037063991	359.076979502148	0.362432475560706	1.20482840555594	214.405241807014
310	0.93380925240787	4.34864851335503	628.608994309817	0.295990935233172	1.39768490366715	36.849875594379
72	0.792280860792347	1.13754314288796	380.24739004355	0.298061594841256	1.18391537411075	12.6593688421185
130	0.985806139088662	4.22382403128863	232.576592725482	0.364075657376391	0.988347876951197	34.9950586427614
65	0.759381966632896	0.782908601055949	385.04615470558	0.309470900257047	1.18203948151412	11.3497660286991
190	0.639468668095119	1.89725372929117	568.491926163721	0.315959517805948	1.36922060651683	19.371268802029
165	0.84697598045507	2.517224573419	353.50197161806	0.326936229613495	1.21989826657975	22.3992006761396
51	0.915941760608792	1.40886289914996	225.654506403078	0.36010978259847	0.941650428695848	13.0403629809086
225	0.857377869878497	3.82827144427295	355.168444169349	0.332815714289431	1.17274527081421	30.6443032619099
44	0.859860283470984	0.967254376988375	230.639217134336	0.35499282748746	0.985739475758086	10.6089297869717
246	0.775116402927639	3.46767995120451	296.932296405386	0.356973004222607	1.11805950526029	30.993197914972
584	0.968515348119733	9.87592373231174	391.333704943924	0.331238786963497	1.23422192014875	81.0493621759605
60	0.834601647418707	1.08122147130379	311.288271465201	0.338359983286454	1.0643721122108	12.0338428066121
109	0.817956646474413	1.73944232221544	367.052703967883	0.348734933644115	1.18177052964598	17.3002432555585
327	0.903687480463457	4.70178064012265	304.179705340572	0.363626703127136	1.15100652183105	41.8272471146796
1137	0.960945574014089	14.3017945231867	359.239420169862	0.341208190716888	1.21515349253481	117.286901646528
149	0.962265856436649	3.6061348702263	348.249356507307	0.348363418951654	1.18713461244009	28.968475004824
483	0.95590486654201	7.17423360149602	342.336055833275	0.337166390275634	1.18944180378032	61.2785722979015
246	0.923784907108515	4.46879357742499	403.293974587034	0.319478486918182	1.24749994144949	37.627236986349
168	0.839302147124624	2.26431071935387	567.274065261883	0.308007607545133	1.32633696384837	21.8647734533789
748	0.917068202315104	8.56565923741092	429.273304596201	0.333218716534225	1.26940147880866	76.5165212536993
213	0.564165446324275	3.25617303251253	282.207278269084	0.358466149094952	1.09874652795102	25.4782321112806
210	0.941869480439749	4.39098056563603	294.20233468054	0.346845731618595	1.14722918916176	36.6158763555425
935	0.936942919858534	10.8149290433879	349.173792119837	0.352478911283253	1.20820833686531	90.7578344547044
1821	0.732113727412663	12.5721601929109	376.619147778531	0.341243986671437	1.2319193272211	102.281399785289
57	0.927047339723169	1.81359205378212	245.49049781156	0.39239816209228	0.942826049898997	15.3468420086722
65	0.589516250169458	0.694695779508753	495.26960950461	0.367189196600961	1.16416046427779	10.3781382948328
74	0.916948697503229	2.13617743257983	293.405761672975	0.366256134310433	1.12512272128136	17.2183117316365
95	0.851354276765248	2.14694141108562	187.385736748994	0.448823655622902	0.931632657661387	20.487120790095
178	0.951822847724556	3.7558074190454	436.009891658089	0.325022708422058	1.25418172272605	30.5027554889469
172	0.955244624773844	3.60017964104746	415.580982156978	0.308814386863068	1.24804183529655	30.1861837929371
114	0.698840603074939	2.16975354162915	337.573099886603	0.330450659272586	1.11609652823547	17.9489789896744
32	0.408569548472273	0.387760739298603	265.239321823766	0.365666787279886	1.01764943641673	6.73278188234698
235	0.779938946947335	3.15189613394631	582.286476056804	0.304799783846437	1.35090550852458	27.1932695433704
138	0.84086099228339	2.57433687218885	331.876915679012	0.345507760014967	1.1904461334704	21.7736426315296
109	0.920766487915602	2.60969557283039	329.062562152602	0.354817962045335	1.16852403250485	21.9175763401089
55	0.450518047477416	0.727164483661862	382.200372911566	0.324051815838719	1.17216771243726	9.19094495131363
467	0.719978015439859	5.34755972463836	372.787757943482	0.341235328812162	1.20471944434734	41.7499552319985
237	0.682693191146656	2.41264671694578	356.383422327383	0.37997209553538	1.1871584555423	23.9927900860973
153	0.9182958045951	2.90078624008295	350.659658096967	0.361938093829101	1.17752159572943	26.1895546376438
144	0.857927219971837	2.31449845389336	441.34511031019	0.364151261448559	1.26444469405876	21.0834947457959
326	0.979039098427209	6.9693564243877	351.294021412282	0.346308076019895	1.19407466002874	58.5315986474607
45	0.852664732439585	0.992971676368879	248.740458615869	0.371646196515239	0.955323067148367	10.7158216395878
47	0.902388268679987	1.3558105057016	232.858182424649	0.331765946049293	0.928002822330563	12.5516619688037
162	0.821334592171877	2.56270296755809	429.340578453351	0.328302885807473	1.25433832939893	21.4076681247776
131	0.702819793123016	1.91650043737727	600.563736908648	0.324498612984107	1.28832044598303	17.0641999347473
142	0.636418047619958	2.20628863036172	300.205973027445	0.365831603478662	1.09096180356418	18.3903433892355
66	0.870465308557202	1.85081180052897	238.812828994448	0.385688994187677	0.990846758517484	15.1278713084548
405	0.947187899117292	6.98795375017285	389.85341595942	0.336706628689008	1.22339224463759	56.6201965803867
42	0.886325745767665	1.09023807875013	212.226889700682	0.375010777179895	0.960062924718954	10.9878546764837
218	0.868292726711594	3.26412161063116	366.436024009252	0.328364474055011	1.21948596059374	28.5756798225743
471	0.956417011681941	8.96393499513774	416.780678085279	0.344019607972221	1.24715338075823	69.3410180030156
403	0.907579680921869	5.46943401903082	342.12076474143	0.348287354958119	1.19750255881645	45.1157760674324
236	0.594905059571517	2.75657313002118	303.687577407971	0.339491960224393	1.14414501456037	23.436436260431
147	0.829032470140998	2.11579148503354	443.414821882064	0.316597828818327	1.26636134943402	20.266846878466
71	0.853609449273511	1.89924402619514	206.034314039488	0.420281322683974	0.912442589305381	15.5975141720661
40	0.658541891589975	1.02915636498962	171.110999428959	0.412772621271607	0.898747882620629	9.23416437898941
1838	0.815840254595327	14.4200637248625	408.139331816304	0.327544636127345	1.24520617411438	109.295485278277
39	0.791848802040721	0.783670800850802	219.03970035716	0.36361074257268	0.940510834228287	9.22865187113188
165	0.923034803862649	2.92358274523557	515.524534307971	0.318505708263494	1.2977898359345	25.4600006622447
36	0.880815578487739	0.97909904082029	183.491424386332	0.451476502933347	0.895191136678564	9.98196805756725
70	0.665445567319543	0.723651601330533	435.564945791997	0.304015088578983	1.23510023968269	11.0560613425314
227	0.87217943306902	3.16322140599006	532.827309372738	0.310698886623256	1.33105543905385	28.4084903309513
53	0.936672598254769	1.73199532784594	200.091976870765	0.387105842246507	0.878915557199498	15.0270000516932
65	0.902656149400697	1.51200865384379	273.083724711839	0.356081269226066	1.03108336356642	14.3424757284896
411	0.918665448727094	5.97752479184372	403.94077246761	0.333335790354439	1.25035888327728	52.7269824085471
106	0.977424501718451	3.56673641702638	262.975678598056	0.370689465720195	1.05867624676729	28.5399312327773
49	0.915324330444731	1.64760914576792	169.171452240002	0.410984606427854	0.823252675385887	14.0591866657321
253	0.820094100789876	3.63000290618951	414.78004030025	0.348514178091983	1.2334479933812	30.2416254407629
64	0.777807660220171	1.52438157014625	196.259577021539	0.404577181633019	0.955496927530227	13.1210341506792
90	0.84479683430333	1.84818484612413	298.334664840393	0.354444602817828	1.11513875527144	16.0111844580722
89	0.957724260655039	2.74150569829117	265.691102568006	0.369729373964668	1.01059400924264	21.9792398009031
341	0.925980435870686	5.61028526768226	374.928358372994	0.326247968209433	1.22759249083548	50.9093682565538
92	0.863774782563071	1.79817955799737	309.292058302843	0.355482483388366	1.14478044528623	16.7386662183753
94	0.920534140724307	2.64776959262262	215.988423721087	0.4300372209124	0.907114387625139	20.9380439717438
215	0.751362903030263	3.29269208953006	343.793372049347	0.363153049882462	1.19125666184896	26.1609199504491
35	0.830189827705778	0.784468136687174	228.475871153592	0.397201721437015	0.898757806319603	9.0381635821346
237	0.607140532938165	3.41578402258716	339.360137753037	0.324021646890365	1.18671552670133	25.9880417765083
1465	0.942357425879843	15.1435014124889	376.609236358892	0.341757382147626	1.22361046128026	144.732685565067
110	0.898173449015076	2.30157178677499	497.554503805752	0.356770871834954	1.09065200584374	19.2892907751673
111	0.902804219004326	2.01944508835562	399.879450275699	0.35843000425243	1.14795814765899	19.0522502140748
462	0.977677282894934	9.88733138406096	438.655022442499	0.348054970623904	1.25575339770089	73.3214344206304
203	0.796899180518765	2.50867735861341	607.948939848579	0.307891045482403	1.35736525960669	23.1201875013918
129	0.812905465822324	1.85960850022406	477.167791940448	0.296116694772157	1.27744849457868	18.1128288164597
120	0.792042023730158	2.23543711042399	268.21194050086	0.365039582781865	1.12165724943665	18.9444008682163
304	0.674910441911459	4.01013126721353	387.927369967774	0.339115064421353	1.23940707119109	32.453079384094
49	0.699955837333932	1.09054121536248	249.155254083365	0.393477155766504	0.972029393822804	10.4959954523618
1352	0.92383773303637	12.7895918354778	340.607912768402	0.341574875884314	1.20055291668462	102.286530588245
39	0.913482285594284	1.27563383087727	202.460379851261	0.459251147996593	0.888258208835868	11.6460996523413
78	0.868719534517147	1.70933396329123	428.945402470028	0.380433434456205	1.17900637602859	15.2084997535967
41	0.673102865034402	0.521148853522218	288.203144725515	0.355074867005014	1.01150662251756	8.49043867666099
42	0.7144475813978	0.838685801894478	235.456494696721	0.381452412614988	1.02812008902594	9.151235744514
244	0.868767001261698	3.41463065210391	559.032545225853	0.307649672790459	1.36945006554487	28.2926555607683
366	0.978383719426052	6.69530612815547	540.251907821008	0.298412123167716	1.33094046961012	55.0554002348267
64	0.706991302300321	1.60276060283113	185.044863299162	0.384868680957378	0.818916707643281	13.5503809308462
189	0.828683379940447	1.82375690323461	652.310714816687	0.281897747584319	1.39917629162024	21.1509648698718
1034	0.943786583399035	13.7460504312625	328.651497137672	0.352075208227141	1.15341395063758	111.381307030056
125	0.784441483833203	2.50541363476295	311.374686848842	0.34521952417024	1.15213992376329	20.3318952513682
45	0.797373305114273	0.723956424453862	265.284082050389	0.322321454715821	1.02392579008882	9.76094965284934
69	0.540257249028396	1.28128445176248	335.029924855993	0.365466552525376	1.13174133316181	11.4255851988461
233	0.935860293604645	4.45054630513142	424.074159773104	0.325226762460709	1.24315000755154	37.1255488336754
186	0.787528396623819	3.30149568427553	324.480356512463	0.355659886793316	1.08489170732323	25.446527697725
2267	0.955676966337986	20.5133185841841	432.260390131305	0.335502802819297	1.26976789129456	162.382851943798
515	0.730751912020476	4.63339856016195	446.185474549216	0.328354313736382	1.29300687230989	44.3994543814944
34	0.899410881615849	1.38575203662129	116.65800776243	0.551674208144797	0.609414254104605	11.3654990872212
57	0.989832818007781	2.98161428670867	168.078233641045	0.480177514792899	0.64193627407761	24.2367303670174
51	0.624259888385235	0.535962720037329	348.839146566453	0.325219369021378	1.15074364074792	9.18824592521332
43	0.891472493277796	1.25813282099453	179.966300925814	0.399040227220802	0.899697104869272	11.6475096381279
103	0.987161608946968	4.01334614665751	231.04854988152	0.385372206803455	0.894914282734628	32.4740767517906
50	0.730598496918278	0.633002854005053	331.686406927565	0.345518772165831	1.13995471886548	9.6851814326569
141	0.911158251608079	2.48105181585182	508.606145307207	0.311517302327513	1.23112319995711	21.7468949961253
130	0.766859458742142	1.59094584021667	549.742815339128	0.302047560534956	1.3114561327184	17.1451347583856
73	0.946525014292048	2.46714884266889	180.099642853471	0.454652833704067	0.846084190923298	19.8431263528434
71	0.677361718804968	0.641198602782596	452.002265132184	0.291993236148113	1.21659660941622	11.141586008541
36	0.547538620786077	0.346207605512761	249.736193246537	0.300706772566868	1.00333840964836	7.39541336834783
61	0.820012570630633	1.22067147206779	286.265558068993	0.368135243343128	1.10749775521847	12.454646154281
57	0.851048048630814	1.29409949200024	261.96899197313	0.371640065881552	1.08351250963046	12.5045367176257
38	0.916188816568759	1.19258395573804	189.112317052976	0.395518134488723	0.875493020637908	11.2093368572158
392	0.890518538593161	5.78265572408391	549.594986050342	0.310339060555597	1.35813643418832	48.0635232996965
216	0.832429888640518	3.08654407064357	377.908822647879	0.338491622844564	1.2217997215085	30.156022299199
126	0.73498967555025	1.96966554314509	321.327085074513	0.355544031938446	1.16531752715771	17.4517247244736
175	0.931580284248905	3.75225109617787	378.59951703093	0.325214750233366	1.23942004054581	34.1545316498431
73	0.953677140533345	2.22818900536732	213.730267344777	0.356906899755197	0.955190021288038	18.9018700366048
169	0.820460158553139	2.61739933538288	328.410433573477	0.36254706766085	1.16475585689911	23.8121134028633
162	0.997077503572505	7.38503874244379	169.291537449007	0.440664068497704	0.866126067715314	59.2203737771392
115	0.630909161907385	0.937081446361746	640.990350268131	0.305896868066078	1.3573878590707	14.1401873932932
192	0.96074272063139	4.64411915644983	310.403859284835	0.369485211021521	1.11018400847675	37.9405591049897
173	0.960438286638847	4.02129368041239	350.746576005333	0.327008103157096	1.18310330477204	34.1918947487925
306	0.878513914945563	4.85272993606825	386.913879688581	0.314595961273962	1.22511966614658	38.9053787616474
106	0.952451423962168	2.6894834538086	350.704268853531	0.317689822815143	1.14259177241275	22.3233497331574
476	0.634147276783153	6.18612002274068	277.859105201789	0.359345030511181	1.09120800181606	43.3214889699761
577	0.804479253580072	7.25323699869234	340.830832814594	0.362226286434669	1.1801859149285	59.549809047455
530	0.812046244497608	5.82718848395308	355.661193702851	0.334877758093179	1.20412504690935	49.4744671948
263	0.795388786526483	3.62956712182809	322.007616854645	0.345725040928661	1.15047058019641	36.99607338961
56	0.638338724028574	0.643201744980022	374.680087614784	0.330070694178591	1.1312502625987	9.84917331627805
71	0.707618627070559	0.849114880369938	518.404111865593	0.357098319845101	1.13068164565172	11.5561612381194
699	0.947590481148636	8.87449885010421	365.972406061563	0.327384151186905	1.21786504958615	88.5668871568786
45	0.91593019849459	1.5264085162729	173.658897046723	0.379208618341745	0.880955594263215	13.0537438952122
136	0.976829604889056	3.92204140867714	234.610958727749	0.364915497491562	1.00219693993479	32.6301294331081
146	0.925735069510708	2.83437254527483	383.257221369881	0.332749638388584	1.18888531742082	24.245199502615
277	0.965665148116501	5.08227298232372	608.544796608243	0.321816346034239	1.37001601224343	41.4674642995487
478	0.910171050296725	6.64671473400978	321.135115466184	0.347882076315918	1.16730351169029	57.0276991249399
1627	0.862185441465456	11.7795726309691	291.28266497516	0.365183472478916	1.13063635728122	104.93032625428
58	0.840732848874134	1.17774981537138	286.612304481389	0.359876648080146	1.06444944054177	12.2189925591602
1336	0.965110079086307	17.8026739376579	420.530777127843	0.320793615410199	1.27452430547983	129.87882910581
60	0.871064805228812	1.42304581173165	310.245026311026	0.371067118610371	1.0506110418764	13.3592438946083
237	0.965006327708097	4.40531617462849	575.748514307293	0.292450529613912	1.34908953321448	36.3505452644227
62	0.825354938915362	1.23766035546471	279.491030138656	0.339672685985018	1.08456952771055	12.6049615708195
506	0.90165015168984	8.66610673488232	292.611063998151	0.372802499304123	1.10747953124395	68.7613983842968
89	0.732171918309488	1.4823489873505	404.033362462883	0.353508151058181	1.16958612857431	14.0385882416715
249	0.924557085933473	4.47428232845154	423.750424921467	0.329098942162113	1.26967953686817	38.0812217188709
274	0.888032460433389	2.80882214209318	532.732220872311	0.300880790292555	1.3409065159546	29.950028863578
387	0.9327782061858	5.76034364494849	442.88046955863	0.334142635447351	1.26933097192324	48.0324991868541
256	0.936410769043336	4.50931817820485	327.973333658393	0.33754340944312	1.1782392165928	41.1386547444266
416	0.977058843129725	7.09977329296207	339.15306864709	0.345573672729472	1.20054682921904	65.0427588009934
116	0.68954176221575	1.99073171146883	321.090195103419	0.37829939780166	1.03635699225474	19.6497452244138
71	0.83117782487328	1.48448344920014	283.689594670646	0.366801907790143	1.00520625236051	13.6109617002998
654	0.85762337717874	7.99018844052454	326.151433405537	0.345852046037805	1.16690750541183	63.751745831502
40	0.819020151043831	0.982223525833973	214.908445539717	0.441025573645895	0.911572299829513	9.8154587786967
93	0.792365208500152	1.45035148474596	414.66269630608	0.343140085410947	1.21686140213842	14.9454887991631
104	0.943440573697884	2.74752960352815	300.368007316818	0.349077341529503	1.10069030419464	23.3842898319684
250	0.929883818331397	4.39141786461485	374.25422917902	0.338467433966879	1.22186309799041	34.5604869766249
317	0.93984875693016	4.83122766619468	433.489852304897	0.30517381473707	1.26430256458425	42.0072923274234
142	0.85498953893219	2.7165349662083	300.544404547843	0.343916209445879	1.13661409846008	23.5333448556709
119	0.460789929593873	1.68540632300144	502.78130469513	0.313607924666748	1.2604586668906	14.8600166634682
59	0.896721390819735	1.50129043852858	252.907133662804	0.35761762887995	0.989803593250182	13.8762597571933
319	0.915594086416697	4.68709097847205	304.900860722901	0.35149607204217	1.1388383074094	39.7367567002826
147	0.597197231221261	1.62343152041424	553.509258229253	0.302262963005625	1.32122023885879	16.7008417352738
759	0.82717469408319	8.39052453627403	344.78730755391	0.340523291937006	1.19519732176056	68.5991575121307
1150	0.857597887360768	10.040412602944	378.944726761102	0.349192125272194	1.23404150679513	86.4407542005571
63	0.668857758279027	0.936757072879189	321.71989644748	0.336775436602426	1.12277390740204	10.95944010266
404	0.709439052446355	4.76132262444413	327.255175109151	0.358098446771272	1.15357938304814	38.2106093341434
124	0.710842044818198	1.91627664936686	330.366142556253	0.352152574293751	1.17509063153397	17.250972717839
288	0.910599916920348	4.52946395642611	326.427451608784	0.351010470624499	1.1737754663927	38.6531453232239
83	0.927703657288292	2.16271642174465	251.082350871737	0.38844350122364	1.01018940803253	18.6167062411285
370	0.954099063951816	6.07667047722998	264.223074717574	0.369666083818966	1.07158471711571	54.3623105499763
263	0.703647070281172	3.2361197417944	391.730914312032	0.315848298489462	1.23042791242358	26.2354867826328
583	0.980824330172293	11.4150105871558	384.491952018415	0.327141320489531	1.2223837634712	86.1635091515682
433	0.954261001168298	7.49296555112139	396.398011376902	0.327071504168369	1.24604260680214	66.8769318616677
596	0.920867085446728	6.57507200215293	383.275870922922	0.346309883295214	1.21904764507498	59.5850991370188
89	0.899749127714859	1.80773144249434	372.195107397326	0.334864898370136	1.19379126850935	16.8041631311474
322	0.94334919328321	4.88767014063363	408.082505168676	0.319152944401813	1.23615721787662	43.7038848148606
45	0.876952234258101	1.07360038906847	214.407739753797	0.388463009537178	0.989641981238324	11.2301511845073
162	0.737123525397575	2.55678577761631	365.983634153406	0.374159520606579	1.18946742716044	21.6746647736374
436	0.973978419150064	8.7164859555818	346.685965792565	0.363759104754959	1.17654432353777	69.4098171598679
549	0.977914383902355	10.3948808767651	377.916172075386	0.328167208859772	1.24031534870022	92.424982013378
62	0.86281364936857	1.65885983715109	194.606839581239	0.403932394674921	0.847971124271195	15.2253428973753
97	0.87585242014055	1.54562810023545	408.588799545335	0.329867259635972	1.24475567793892	16.4313729975566
116	0.952849170847185	2.99580289874105	280.800663584102	0.359337413731877	1.07610964450962	25.5803319317951
61	0.938325635936193	2.36901978695647	275.457947734815	0.373853280927687	1.07863596637293	19.7349905187891
244	0.844539132126655	3.51166217668277	452.271087108626	0.34789615775805	1.25670438222518	28.8643819197785
155	0.938066644265672	2.97932863863302	449.056208475007	0.324729986454279	1.25353400759293	25.442361302922
1533	0.831100083263108	13.9416476809379	369.267901665522	0.339123440706852	1.22508856639104	107.238482072469
1782	0.632357383840899	11.0524842324569	342.297762566314	0.352257070068106	1.19948137711018	92.707698070223
234	0.475736254266706	3.89146067645376	401.505038093644	0.376258020945376	1.20887233198301	27.174620018476
173	0.930749643805027	3.72864809752011	263.646386324008	0.366097115703548	1.07865258399732	30.085561574746
118	0.772900644823301	1.57604900115578	482.17397361654	0.301981044392809	1.27794927602181	16.5145012213452
32	0.924657286419815	1.07126493643498	201.926522261569	0.402004030392777	0.815402302047577	10.3717333917533
2870	0.940463656907784	22.2921311186047	342.201030935365	0.349075884772087	1.19438408179846	174.802872203365
131	0.940432249868166	3.04881459202585	315.118316491549	0.337346855037894	1.17351003947432	25.5162153437399
387	0.960482881535567	6.71633066138754	430.353013858058	0.328541011117616	1.27362197736119	54.1268061676566
52	0.706697035345233	0.638017236240249	328.396746440483	0.328283121479436	1.12667630414126	9.75209262334374
409	0.558837628479057	3.83233610222179	388.44448897147	0.338204019462885	1.23424276729662	36.2444060748061
244	0.920264018824819	4.17053052984074	358.272852642447	0.33232807367572	1.15436117625461	36.0117544846276
1156	0.899737048862	9.61056067008548	413.512637990027	0.342560309177956	1.25596572935468	86.2978410204869
60	0.778781505567409	1.38318299696316	267.734122670396	0.365355514615476	0.993987712821476	12.4453784322679
105	0.872314000920839	1.97982242375808	370.91922439646	0.359445386759965	1.17524535476924	17.9878365077228
64	0.669076610106433	0.77571641573095	348.582763184889	0.320615356528669	1.18217949901804	10.8036668428181
47	0.924922382045855	1.41355983543993	211.245441416198	0.369916745844348	0.904725272886752	12.8347611905932
264	0.873086356616538	3.66281801657917	351.982581348011	0.344960778686269	1.19461947489498	33.0351780761332
293	0.561369747182504	4.88590579204743	250.780036095587	0.356228611112332	1.06484226048176	35.7212811801414
58	0.840561688371329	1.29553968940026	263.4281107168	0.414907573256614	1.04667701365133	12.37359437441
691	0.627079163257169	5.50859373224652	276.651679073881	0.389722893625333	1.09983111814685	50.0652806106987
123	0.955200074246271	3.14224227427914	271.352513877998	0.37982801501241	1.07323679362786	26.6739693813658
340	0.958575150786277	6.46532794512951	321.545028967216	0.361489812213431	1.15262382580062	53.8976345906457
409	0.758219616952438	4.97823020992249	349.661807535432	0.347762866892814	1.19616627835076	40.0703516250093
1621	0.562349225947916	11.358504988482	348.05411872554	0.353050856736543	1.18549357410894	90.0340383772603
150	0.92922836205751	3.56185799151416	240.174685737735	0.378067792116235	1.04756922931469	30.889703339536
158	0.920566480931646	2.73878120466969	431.729082144783	0.310733294026098	1.25376963126693	24.8745263940033
73	0.600753259727609	1.13262373761362	323.168037658434	0.323945004902133	1.15052248879908	11.5375229932505
40	0.879088862854989	1.27767506926302	160.660413812312	0.433874422213829	0.737533446738674	11.7142066174074
1029	0.869476318050545	10.0091410855602	353.519421865414	0.346516923368884	1.20473460017042	84.3729615037652
82	0.911500638031478	1.92955075775306	334.956290529467	0.339071476130299	1.1809488247526	16.9862318483491
45	0.819480964840652	0.904370086337633	246.714027088621	0.397245502089793	0.999215880490329	10.3267784728911
582	0.967537029573465	8.93989257322374	412.509435767725	0.33546218628216	1.25235108613546	71.3611373208616
53	0.884603916386231	1.18626792570814	304.868362870132	0.335090874872488	0.955465178802176	12.2012414332973
199	0.964004251177702	4.57028630415774	381.233717928829	0.348404052756994	1.21158136699431	36.9443065034992
70	0.803239353138659	1.43720704355341	295.879561293722	0.361870730620731	1.082848155419	13.3427577073863
148	0.966796036128292	3.40931807314765	344.97263415568	0.331880540224943	1.18159505856803	28.0709754076498
271	0.94178131503536	4.16486788767075	330.519893310567	0.354603469429093	1.15001083383831	38.0387825932334
71	0.879426395640923	1.560210847788	271.968388025134	0.358807429109219	1.0737469530355	14.4265659387502
55	0.702875603613561	0.662629398651619	323.947951080211	0.319685268518768	1.1330115573649	10.0055885415916
109	0.950884367448418	3.01138347797694	313.898896922557	0.366638327014798	1.08977091460977	24.5178543930292
97	0.93583126327528	2.37654931553758	297.411699713893	0.349071090106086	1.05036672204507	21.1853695095013
64	0.627726552436845	0.871758332554456	303.919181359001	0.341730522861305	1.08500419855416	10.7649567678471
515	0.983938289718267	10.6914983215216	296.023650110769	0.368843409132981	1.13936780848565	90.9159863498864
53	0.815256671749363	0.970200726176862	277.070780762903	0.316826978254058	1.04881168180616	10.9963033439565
122	0.925737339197088	2.67415548839015	311.926180919604	0.343647266723737	1.12828703165878	23.0636605973402
107	0.958611511679518	2.94947886083907	246.814494623555	0.360326342717235	1.04689493571247	24.732045437282
229	0.574265279524921	3.03249016344903	286.825040249549	0.352896148456637	1.08047155534969	25.3313899646454
223	0.446038878014834	3.33595620831443	377.739231627661	0.359595737276228	1.20623002837328	25.0363856528377
57	0.690116204680994	0.709183356695054	364.395958894324	0.337625336722316	1.11442781666904	10.2298243604783
63	0.908785573376724	1.65578110551615	232.167001054437	0.37858155975803	0.936767676573249	14.9109488667261
366	0.742741641636697	5.01501478630602	422.215864694944	0.326747438724668	1.25614356183256	37.2972581306231
155	0.938528289143542	2.80870527860215	458.39311310896	0.299287367375603	1.21355642760118	25.3887219190736
292	0.834458782474731	4.09472104758115	306.327035784481	0.371881855774498	1.13563124216946	33.5413526602385
263	0.931825089739705	4.86981846844326	354.313584165297	0.322358820173946	1.1806567066649	38.6904015018419
282	0.78317840936106	2.21293293775106	275.732119948905	0.378612755155425	1.09850629180498	30.9060653553185
162	0.932585227299066	3.70029704116863	295.811700410792	0.352255629902689	1.07287632895774	31.1110839027198
124	0.446576009070636	1.60330297968084	459.605847957428	0.310858322418425	1.25666600351895	14.8646725021046
106	0.906500434606441	2.42818676159568	293.732262343023	0.369779002115949	1.0233436768738	22.049177910377
71	0.889400568583869	1.48604282808991	308.136764949861	0.337945403827757	1.11153727563309	14.4660809370791
71	0.830760161221948	1.75751261917395	162.776923675282	0.448573847317422	0.767385360371027	17.0307095490821
173	0.938624552318301	3.82741752002736	313.990668242475	0.385203393109276	1.1386330964403	32.2983360515412
335	0.937943275329338	5.9093770687171	377.925864846372	0.349077856380853	1.2230133687513	49.0090727040299
33	0.825187409088954	0.677782266474929	240.782764795144	0.382887058181176	0.872729687630146	8.58311490218582
317	0.651788427233311	3.49781276613497	305.870968554468	0.366335687293044	1.12811057933434	29.0073819509965
158	0.700187585017113	2.48332401744743	227.300029636182	0.369242668654433	1.00677891937669	21.0900153089834
33	0.952910221684606	1.65840341485587	135.704681721312	0.563519813519814	0.535799651246747	14.6669339710136
276	0.939899725662488	4.89438146679213	367.246363657697	0.316932771234715	1.19833759198072	39.1436951591348
381	0.727238420690075	4.5497378580465	443.131363070507	0.359337971426769	1.23442067236232	39.1520215446805
535	0.934990821185225	9.01944860063079	410.604339628438	0.325595758109953	1.2535129441694	75.8369795702856
162	0.901030263357564	2.86966311401243	359.107146619929	0.327066804837703	1.16803543210496	27.6277802157773
219	0.898274509202424	2.8332101092549	787.980666804607	0.29510013335293	1.38475797046431	26.5997899809106
806	0.887188582546594	8.69154114132169	351.509169865873	0.353499964694818	1.21024411902191	74.0334653405972
545	0.951757354998061	7.8301804107022	332.942600779187	0.355469820745259	1.18941665153466	67.4301674221569
87	0.867341852033682	2.02083117839936	201.096136349667	0.390990277607924	0.991914038416691	18.858508377881
319	0.934935179106512	4.86933023530118	461.344433439969	0.318036212795571	1.29568880013587	41.3059131510929
91	0.483719180892661	1.68011143574298	258.088934248278	0.350258673697588	1.04591911625244	13.6370434653534
73	0.940205460122743	2.32909351376737	238.983217400317	0.370594203253027	0.994571092506131	19.180208922279
127	0.803899658648171	2.30892556359478	221.339426857616	0.385595833247337	0.954578376244103	19.2702068262218
100	0.847404156594277	2.47540020190482	308.578910411724	0.37905629611512	1.09680247788853	19.3148434801787
67	0.775655541309669	1.18314075682023	356.52717758067	0.335515227887144	1.0980710699589	12.2000059078876
1940	0.817117297963384	12.5689378154157	347.94737237519	0.347172804116503	1.20023189228965	104.815000215451
496	0.876433023643924	6.31281353969413	387.721634867082	0.349625823595067	1.22336766319996	60.3673848793427
32	0.82825734323977	0.932530937697524	182.24907368804	0.473827703367345	0.857200310176767	8.98100480932925
561	0.925744606720852	7.17993028651628	365.259802437798	0.352965379660359	1.20563258435353	62.169017984439
32	0.83083282784414	1.02504722245087	152.624996473018	0.463750392139139	0.801274028755817	9.33408952876043
733	0.978086657483836	13.7871446600696	329.600686495275	0.355298982875336	1.1586896920448	117.114093336135
68	0.661799943581907	0.938887233434273	347.089987662536	0.346183930536872	1.16336924171979	11.3072183776647
185	0.910991937937314	3.43056410295385	371.742297312107	0.351437729914672	1.21371682941215	29.6187023750561
97	0.902613230079697	1.82088811328473	394.609120813624	0.300009482750774	1.25668540022261	17.4286264241062
33	0.861365591226746	0.90594096803808	181.178756636857	0.464508320420995	0.876021137168325	9.22574401329068
147	0.462937191195256	2.18745670191859	334.090132164751	0.352033361665256	1.16675647335304	16.7808619679178
110	0.748393509798592	2.55934564488481	268.41087400388	0.36341924682482	1.01006997365902	20.4607935428865
235	0.910904640036403	3.48831624125733	521.999280248923	0.304253673891063	1.32743718743731	30.5559724309857
109	0.797178533473231	1.92323746044893	455.790519973399	0.343268013889577	1.20669907659949	17.0470804823565
151	0.881087689483718	2.73221344458386	434.235900119042	0.319039987841816	1.28109614550652	23.3409403478057
93	0.768853653930089	1.87623556505967	213.815429074989	0.394553366417143	0.941717776992942	17.0015310576008
394	0.914915401922929	6.36940113216184	348.261219912833	0.344615164504728	1.18063097115243	55.470130672438
68	0.757662696891199	1.15260382852446	307.967757970921	0.320926032273281	1.12758861370509	12.3788172273548
213	0.90571450666848	3.69435689505256	409.822158953672	0.320417880108808	1.24346154241763	32.1183454574308
80	0.754138953224288	1.22734024525016	464.249349406726	0.317743634214223	1.21585634505511	13.1454284638636
32	0.793785990623061	0.687932262635366	188.68014924129	0.407996482089098	0.889221806378697	8.26636613963715
251	0.879253572750792	3.59195311695206	452.960748063091	0.319996676105274	1.26386559091342	32.3926261357572
1922	0.730395826613123	13.6731778604588	381.636254750209	0.353838990897814	1.23372715007815	106.452660587241
231	0.933671163874477	3.70921770486755	333.943609288712	0.348971300806313	1.15501255931372	34.6818299611418
208	0.876026939338741	2.54640611949573	595.666933951826	0.292658176788823	1.3752971414784	24.9689217625861
285	0.895646983377162	3.84362229213966	279.588064127983	0.354896345853326	1.12030707516028	36.54385587268
185	0.920517039230082	3.55905975861755	321.080909238637	0.346029751360275	1.15157979743305	28.8344509857638
282	0.689402305877152	3.20840813858463	388.996413342669	0.363180285048269	1.19371119206596	28.1644244994113
48	0.63678038010508	0.526138985199514	359.897532207857	0.372687898663131	1.00056553181243	8.95965442904486
222	0.92591858363431	4.1242943642033	276.443838886029	0.370153106922742	1.12172238100474	35.532757358452
1503	0.830357008702602	11.7431038672264	389.538255174211	0.338263478539669	1.25092175646351	97.3435070296807
96	0.908792430681587	2.81371186145296	291.655411886111	0.402394957689075	1.04710354382088	22.8606837107115
506	0.728863953257414	6.42335527465387	354.023937024246	0.346062268833167	1.18380226490948	49.4858276658947
2403	0.953192370771665	24.3757483891409	365.21774307613	0.355760079625815	1.22377082109911	206.751312131778
134	0.817637817486945	1.83958037308581	525.106216679459	0.298533109963883	1.3341988574151	18.4207739968168
97	0.939148851945359	2.27272301702151	346.985978593439	0.344736749266711	1.12447869299988	19.8907426614535
51	0.546983252721867	1.09791640451993	262.256600401745	0.430621710344894	0.981539896929175	10.0110646145915
40	0.859522328923309	0.963705410116004	239.886364172012	0.378945095950443	0.950268471924454	10.2543668926317
35	0.697790860495209	0.602442582540156	232.996662284763	0.35926226576615	1.00074949358675	8.00963482464797
271	0.965865482669043	5.62601154398537	295.281950969556	0.38527534887829	1.10266761295396	49.8381036594559
126	0.868705394809896	1.89465457708576	509.224877633307	0.314845462741495	1.29538994540691	18.6860005053211
59	0.591022712345604	0.571613203850908	373.290196448924	0.31223587454005	1.19928062377938	9.74719035300278
339	0.821522203230733	4.98246594195667	339.640075372947	0.350286985644411	1.18601409523131	37.7021933407409
39	0.633985809228099	0.570195040171909	241.495206192907	0.362999959235253	1.01565299837523	8.1610475898464
32	0.737514717065796	0.551285613315622	258.824372270519	0.364751080265786	0.97007840650377	7.77271562710304
272	0.937195807170542	4.60246556882691	296.123800767883	0.370766812397197	1.12724650002756	40.7649674926555
60	0.947746831668673	2.07025389125312	203.092592734469	0.37355102594233	0.941790818878322	16.8458973150577
175	0.735083266013916	2.89566444969603	299.277862834982	0.369902151643993	1.09467374990683	23.9027676843737
411	0.420693361393823	5.70029933404723	294.179930312298	0.356173646086337	1.13683359694024	41.9558872935877
399	0.277276789336746	4.30124235658493	279.938681720123	0.371943109137679	1.11440235786824	33.9578462639486
235	0.921060067936215	3.82540332418049	541.078526964983	0.300232933853785	1.36334054207253	31.8113460315676
322	0.867957660755024	4.08751366646149	362.437075931346	0.358186508410678	1.20425895239953	36.4356988726779
294	0.846134951613989	3.93840709362264	258.009890580782	0.371869179375013	1.10833867234266	34.9785605852537
87	0.867050338278027	1.81431989212438	334.379675104394	0.340990062942504	1.13293423556701	16.4620672571663
67	0.87853841075148	1.36213731891498	325.278656759973	0.332290910820322	1.00669445277258	13.69407354921
113	0.524866628432655	1.75860862418031	403.863028644044	0.307806634965318	1.25736414263487	14.7398756009504
2895	0.650491363109875	14.0295726242748	350.445086952272	0.349216716487781	1.20983807906595	114.192756360285
121	0.924583414616705	2.51797187911481	303.218378997232	0.34406526173954	1.14571168288149	22.0570591042613
190	0.862360979284679	2.90809293359222	439.85155660888	0.336687056829433	1.23334229417453	25.5598592290597
66	0.722972160674816	0.994821446701473	362.892196261853	0.346070686070686	1.14587954445482	11.5389927381454
119	0.788172068906257	1.34295966070244	534.622897649211	0.336886715576291	1.29666078324161	16.3184814101079
57	0.745205156742831	1.04844025363825	299.791070075913	0.340145394263041	1.08236408996876	11.1837283591776
52	0.916713118242494	1.73775021594879	151.347157914974	0.419523245560397	0.873176832889373	15.2079018867622
236	0.641462354488976	2.7777089919837	475.258326877103	0.32086780720063	1.29200891393039	23.7156440090508
104	0.702202374881618	1.05617625334694	536.208676554896	0.278220952338599	1.29192315097172	14.0561305303253
867	0.494916663721764	6.81295828352396	297.74543897754	0.373615847124087	1.12483986413977	55.9485553253304
104	0.535484598519217	0.671818517375941	565.347456721138	0.286586692399841	1.34373648071559	12.697694228346
849	0.640244496905205	7.84712632569561	398.161500299724	0.325179991779416	1.24112031044896	65.1639459197851
1498	0.729265770574899	9.4113946410075	411.241479054968	0.3295934584541	1.26863414590188	81.9659457552981
321	0.775685340346805	4.03724362750263	334.356312020475	0.358485832078489	1.16833842974735	34.3412449555811
46	0.61335349035248	0.62155934127701	287.258800528305	0.348254621738785	1.05494728585717	8.88818648333187
86	0.4440428292908	0.610346454294876	507.249902241174	0.292357568185342	1.29955513017829	11.2450039853131
213	0.840758669258373	2.81631428947047	300.770767630687	0.356618715136601	1.1147198426535	27.3718125609307
42	0.706702498540556	0.53110388095843	308.507008044387	0.345764876353112	0.963407081401947	8.69409118295207
80	0.952220142815118	2.6041008244584	257.422898898773	0.396108666044881	0.980945372078595	20.8961321842518
79	0.819472845389731	1.27694895125631	396.895638784123	0.312475090162717	1.21500962924027	13.7430383190288
48	0.779300237518329	0.776251934105634	292.162461578326	0.350673905627466	1.06493729622982	10.007040138523
338	0.94409609832859	5.62181232209515	396.283605371984	0.348793680558386	1.24363151197041	43.9847253836623
115	0.892562880097084	2.51548373976193	292.218891828065	0.391354589946736	1.09880309241443	21.6613548066247
82	0.751734542181153	1.30916557503178	340.771657809171	0.372646677228721	1.15675601106475	13.7124724547401
79	0.936805424276893	2.36926407168378	216.93234768617	0.374808689707436	0.970345571781195	19.6133418095355
397	0.542522130508913	3.72245888290283	465.124441862792	0.326895613652418	1.29065044862134	34.3322134971167
217	0.968782964892667	4.70051420481911	418.334522676106	0.325916291678269	1.27262345784133	36.9336851075809
625	0.836092256672926	6.89646878460048	345.433362654233	0.34186624527722	1.18384783530232	56.9947356685383
261	0.861869212181204	4.09946702556423	325.093270537484	0.345660539257453	1.12131697998435	33.6842316767938
1716	0.938383912865425	18.593794451939	331.896090473022	0.346987477692171	1.1868803383169	174.806356826582
75	0.931216617643435	2.28052007362886	225.012217097668	0.41052609689044	0.958881487890506	19.2064399716078
387	0.557463195389581	4.2370580007395	357.069352593751	0.367705431810504	1.17831223641759	34.7462207065203
53	0.924146174223305	1.45849755721005	260.487636879753	0.381601313366019	0.924458889160851	13.4545918774086
450	0.791655071922645	4.73387085779004	351.135090025649	0.359409714357484	1.17804995997307	48.3739032786023
68	0.886886737084303	1.6903118035159	248.859553121851	0.402117955059132	1.02427063162864	14.9049873713538
31	0.923527706576665	1.27293075544362	145.627098419779	0.538461538461538	0.687973732042438	10.9824394575312
226	0.790967050100451	3.41320891087459	349.661045072528	0.371974114385879	1.17755828565656	29.9018544008441
155	0.919282009966541	3.88848885296649	227.900622088417	0.384540621902622	1.02275617365929	31.3882126787493
429	0.871026506523183	5.56956093804113	344.750803743038	0.341935058244881	1.1784011230938	45.4542487682471
119	0.836573796831584	2.56970089230407	251.336236546254	0.383029854708477	1.01570065452285	21.5740993168466
66	0.878450303252339	1.69071676047857	227.442972598482	0.385751195395925	0.956173188686178	14.5849222835511
36	0.678383669113827	0.640050855312134	210.775437417652	0.396721691455061	0.938719455915852	8.23590133699548
1048	0.862383349830258	8.52076522523933	329.05273505117	0.349415896133604	1.16821925133331	75.9656724224015
35	0.936695086148483	1.29819960094796	186.354445295852	0.404265041888804	0.702043727026741	11.4641358017072
1076	0.965772316459064	16.9815762209508	377.306615622289	0.342404602164749	1.24103154719009	136.855416526659
281	0.969319212425613	6.08930733787185	355.471646413291	0.357311497090356	1.19497598536204	52.2329273704774
68	0.922133231502852	1.56923362028219	325.198275542359	0.326544609603433	0.972400615915329	15.0335400063827
114	0.763163979394209	2.44757717311186	380.355641065747	0.370091680140429	1.14573862245507	18.4364231971388
59	0.855589915478312	1.15894917190593	280.730863604365	0.368585134121466	1.05945493655043	12.4759923302303
34	0.576283108079166	0.4665669490905	266.925186411108	0.347711589813246	0.989085219602319	7.35619882884619
495	0.868839128492449	6.95488363084677	328.606923618143	0.345454573350253	1.18979510850669	54.0613214211149
54	0.894555857343352	1.66836728186206	211.687512554896	0.458906882591093	0.705814007101351	14.9760376753768
307	0.886932755874043	4.85744392387905	288.258059731658	0.367099239329828	1.12362434864686	41.5968036577229
83	0.823621325375932	1.12168389081195	456.222475467795	0.340189371310827	1.23503870615759	13.7673449241651
4112	0.896234908933671	22.9147449374787	448.824314655333	0.334276673366135	1.28854411616317	181.403649246369
483	0.94376895743115	7.39561513806665	311.070594412949	0.37591027809087	1.12510864882512	65.2159994087361
103	0.85987288499097	2.08100936768448	255.587953305125	0.369950250703192	1.04874617223794	19.4386387149823
348	0.874326387192863	5.01031768132314	349.424960749357	0.356198225948342	1.17910961512845	41.2723997154674
46	0.933545331366537	1.39985197840303	179.00013841344	0.443978794000262	0.814904240997871	13.0221176822297
256	0.869282423845314	3.61241094283724	355.708725645894	0.350343880026507	1.20558418740934	34.304493747446
279	0.608380397783216	2.85747015215217	386.106019196833	0.324471393350011	1.22059465216477	28.8253362979901
269	0.958249466138569	5.06705946862595	487.288309067563	0.32751903407031	1.27958283687066	42.429046038636
682	0.867296776622093	7.54803757262628	365.98923905641	0.363191591330912	1.20373632568037	60.2666888484996
70	0.823519685859485	1.24775401732359	317.984982039859	0.326777373617561	1.12648747450026	13.2003380117291
597	0.983956728204481	10.8797466897019	448.525025020179	0.336961749980349	1.28940327555474	86.830314224575
149	0.738700308204306	1.83277092268958	314.131735307805	0.357070703186918	1.16881138122613	18.5892560567053
790	0.974434231127282	10.3147231133871	409.721579153071	0.328376128399632	1.2640078385497	89.4722682582309
31	0.988323996389591	1.93668871978373	121.118000476887	0.642105263157895	0.325623838268346	16.1291608987945
132	0.942518626531455	2.85180088304152	367.081942665847	0.336414143884732	1.15815380443955	24.8102214247503
116	0.945479065161337	2.7544081470147	315.201389222088	0.322742737302713	1.16541811480305	23.4137859096086
199	0.688245003244004	2.63222819747758	385.607426383747	0.308491133667604	1.18099595982648	23.7722232251723
90	0.829551595981893	2.26431131302612	192.90423460886	0.451082170264156	0.886338758307966	21.2348597142846
3172	0.575932074184787	15.4390838282672	328.802802478504	0.353365164652028	1.17413395297017	123.342328000488
110	0.895253132155925	2.32424286899418	406.988698367059	0.332299435757349	1.2098181068559	20.0743377917621
300	0.938193399283809	4.61060795912779	381.12397175256	0.346094715858606	1.20568901680504	38.1688773375246
420	0.746843755682767	4.36560981994532	345.113022694215	0.336930256324683	1.20908888490308	37.4978558078419
52	0.57272021932561	1.3117652895858	211.594036185999	0.450922721875284	0.916418729032628	10.7869560340722
109	0.93552837238181	2.36435159747123	342.933053268198	0.341097391484132	1.17837267381488	20.9601108545275
272	0.981814013855453	6.04380201723333	358.340830995031	0.327751768552494	1.2000625425102	49.615295241866
72	0.546070957797308	1.64678043170134	135.31576065147	0.475399847677075	0.674861652501884	13.099706989688
1417	0.930555847978098	14.6432372435718	381.881477528088	0.329868736242694	1.22040834273831	116.805220629201
138	0.942660085913316	3.41521503739752	240.606555882542	0.367985171961749	1.03186429060784	29.4482996226497
110	0.782613440776157	2.24410008693689	240.171946117923	0.392449688326926	1.01916614807358	18.7544534413457
415	0.708673542876724	4.07380478331926	317.214796308115	0.371048288274992	1.15843213556743	38.0206708450183
56	0.829297987822847	1.0570770535149	306.667530062599	0.34787928806989	1.10558670440358	11.6270571518827
148	0.981519848792364	4.81470507201644	294.623325614227	0.397067100697497	1.08373927098117	35.4162356974866
53	0.835670803812695	1.30198962491987	260.0895817398	0.389651192965397	1.03579306967413	12.0383881671487
31	0.910535326028825	1.05874131621185	167.02975166411	0.438286713286713	0.711754940181864	9.96519486740899
773	0.951410492568566	8.5489822931209	504.557847363773	0.317699475110177	1.31870802688717	77.8837972242723
78	0.73033867785689	0.82223957709635	482.580931733705	0.324664283496862	1.22924383030705	12.2032624117577
46	0.632772630484784	0.555279129048804	332.588944257266	0.351581164006627	1.08243777836211	8.8681725232771
382	0.947775594913293	5.96384864413947	439.718226332477	0.329325444652017	1.28669545459428	47.3716697560641
343	0.915556968147958	4.60342310780365	333.008368130865	0.341183835915828	1.18594816714483	44.5387096064542
774	0.947686166063951	10.1652826656803	343.310722443888	0.348176176642908	1.18418305583831	83.1270271738439
45	0.778621041004155	0.946022066598183	229.209722601223	0.453690310828151	0.943708194574915	10.062267941084
352	0.752822399337555	3.59163634611442	307.913966750513	0.379576693393383	1.14948666464259	34.5761142507494
547	0.772460248700426	6.15184445719664	375.496921440901	0.333789625242495	1.21080571525223	54.8053682031716
4301	0.949485496440517	32.1862456422464	441.991779847385	0.328386193431825	1.29231849721877	254.977269428193
142	0.773324332499568	1.52832611483621	599.093489360702	0.312775204296008	1.33471608266165	17.8129356609514
229	0.63503244074713	2.94051739351853	314.522841167105	0.367089412270751	1.13824906912323	23.4181877647542
93	0.953712219686771	2.8272533036703	195.637159663844	0.417306604484397	0.863871357374109	24.3026992119704
185	0.913352127598385	3.09494204810827	440.28746076782	0.344494648673148	1.22135234504488	27.6013969524142
50	0.577205819524386	0.625124901282135	322.984919186148	0.337516897247133	1.07504965483861	9.09551327715396
296	0.874489696152684	3.61076497406106	594.122733100089	0.288908770973551	1.35505402454674	32.4303712215383
78	0.606174351733265	1.38718998456241	344.598865407749	0.377742349706297	1.1450535700849	12.4523181105539
82	0.953909549131745	2.47637368184591	273.24285053024	0.406547024552139	1.04513986458162	20.1147932103203
156	0.936069089675915	3.03566626609458	331.225409549339	0.353530952909594	1.14868508264728	27.2342548449401
366	0.892907439549841	4.90654671040592	412.66543684263	0.326669178867321	1.26280034591792	41.9130596118275
273	0.952099411535791	5.18392188108459	340.374052147301	0.345058621248128	1.1757502079341	42.9931322437954
39	0.94967728927899	1.63610868722248	143.282612291458	0.448538583832702	0.731668302756591	13.8589091286512
146	0.982306415556221	4.4243212043112	189.254279274277	0.440390592377874	0.908973415876866	38.7648200350776
273	0.973974639587732	6.33253056005741	275.018320028469	0.363681125715024	1.10800982152207	53.3563515603953
169	0.909750697426159	3.82658050345036	238.999240212558	0.374008681516943	1.00002353556559	31.3273357039911
66	0.858627794313994	1.32785286588116	291.250702839991	0.343503205856147	1.04077989709025	13.5346466567211
401	0.90300019456877	5.94683539555259	472.017669632939	0.328507466642921	1.28411987143769	51.2671404489122
131	0.967330089880908	3.21181365562349	337.341713043721	0.297111196879141	1.13783214505425	26.4213451591959
184	0.787453003181945	2.95408159070558	351.075646275813	0.333008933445088	1.17936775875497	25.007764469667
382	0.890522881839715	6.29781023502331	341.6273116115	0.366030991482036	1.16873610701917	52.4938582686219
190	0.92847418664115	3.86251090551824	383.479905193814	0.335854287285256	1.19263874565755	32.4945920703146
36	0.933568477341024	1.20957345181941	163.388232822347	0.42446653505477	0.802282062650022	11.4115481358887
416	0.929752377044604	6.35898676321265	400.784223649608	0.320524298746558	1.21660677088861	54.1591489747492
160	0.789266753858427	2.00927294160162	462.385948126023	0.315255261737723	1.29274341053646	19.9053934774957
275	0.794438041439973	4.07509181788842	471.657549274025	0.353245642825101	1.2710217091767	30.8780090093246
53	0.883463918337991	1.59951057912897	222.474815134433	0.406399369366773	0.88899199697534	13.9074448782015
1860	0.920195249623003	15.1144787879035	421.416183283623	0.333482510597794	1.26439539323985	122.650520917088
162	0.91552606431791	2.68442057178156	493.161541704514	0.307054049897363	1.30511189140906	24.2591791206803
48	0.939226454585592	1.5540953982393	168.423889812553	0.402699076045932	0.88143235111951	13.8464457830407
58	0.864109282858894	1.12653705353021	284.199952080971	0.355279706758244	1.08273894516967	12.2552814340024
72	0.867648624909993	1.57137608318281	290.802004923265	0.412135480276657	1.02651236200136	15.0504117319008
500	0.814066549018632	5.13465227367421	402.401206548528	0.353719248368205	1.23419367100626	45.5095405194577
31	0.905601333804356	1.19734779102091	157.651643600969	0.515294117647059	0.664265150635307	10.6434374969654
60	0.891033692310696	1.39531715638186	269.381620837933	0.371364868083135	1.07584313054485	13.4709034373523
536	0.917671357607745	6.83895287197442	335.805408065378	0.357982660991582	1.18159151210474	56.2208609491948
289	0.923073670048473	3.82037506542402	341.575489445528	0.335835901726923	1.16924913771301	36.5448666049225
161	0.720512484792565	2.82935815294817	256.133096829476	0.378164396768196	1.03669416668889	23.240842986911
550	0.907807561260685	6.40485329601547	374.080756333347	0.335133484294963	1.22329689636576	52.587061571569
47	0.566898314307251	0.802359909643365	253.217918701832	0.4058106409577	1.00607412367971	9.04300238751014
78	0.917117404499052	2.15422141814451	220.795573922324	0.365140748641231	0.979465595850325	18.4069507162492
136	0.947706541785494	3.03807013710274	372.857936704797	0.34544902638397	1.1998813393519	25.1322627074374
36	0.773150215983576	1.22935724842743	127.104708180141	0.605351170568562	0.48907846273506	10.8601063649305
104	0.804879921108276	1.73679577098769	357.587715227089	0.313124524585625	1.18874740796136	15.8276936907313
37	0.784692756249415	0.71292198819417	236.515274410467	0.365621604151016	0.912445880030627	8.85450319716933
97	0.960799089972521	2.76733068776154	272.159346191193	0.349454407496129	1.05321452933948	22.9837001181348
60	0.951525598872042	2.68544378699847	160.524470903733	0.572074408588038	0.737690621180836	21.0439806762202
51	0.796425116620453	1.12953150164281	237.900152662194	0.37273224805634	1.03002451653082	10.9964077466866
82	0.930132194466293	2.13471538610329	220.4919036619	0.418452097536556	0.950780452507031	18.7969624541358
303	0.967236976800581	5.74428757917969	372.50001993663	0.334142430731949	1.21067925325998	50.2391256209946
567	0.922620373710928	7.52396807148858	346.383659124964	0.337089579715462	1.19254477301527	62.4217445524977
98	0.949625294830813	2.56015277391631	274.646960254099	0.376752515159068	1.0398229837246	22.6039993265413
83	0.860156041417292	1.48832329349418	392.211866343341	0.317627830955439	1.17180558692065	14.9094632315454
69	0.90571668442602	1.74217762525511	307.145221658245	0.299920924796607	1.08253682655259	15.4188814865407
61	0.798581011398947	1.39713728659427	262.935574283625	0.384873373421559	1.00483407724496	12.7670904994496
66	0.952532537406039	2.55198728728709	136.634670229536	0.493388988411613	0.763184074468953	20.0165450291784
235	0.725501553187449	2.39634937942888	403.528248186654	0.304430272601974	1.25372680722004	23.8036561546845
412	0.882648920813529	6.41153042299092	445.418996855362	0.326972723425422	1.27609094201856	50.2565458699434
84	0.938914407625657	2.84409869355111	243.125525203681	0.378847309989178	0.952219543643198	23.233614159272
88	0.819892691476634	1.73488182193257	239.771017638076	0.380228872558285	1.00500908113015	16.0711413587945
134	0.636909038004297	1.68039210954257	510.677320254323	0.322702347133547	1.32588731389019	16.4183541671859
485	0.956049781587009	7.41898691686381	498.852397002226	0.314258245313924	1.2904046472881	61.4280702217859
157	0.887959892449972	2.37852063222053	527.422885363481	0.303042784673751	1.25146989804527	22.295090044209
335	0.458502447911495	3.36738870046053	462.895732952309	0.319977328612394	1.29014358935814	27.7817354507236
191	0.648300434212891	2.72621123559794	392.083115068992	0.362721803534303	1.24023595631937	22.02027356437
190	0.856177293706145	3.07517879875507	307.22879337495	0.340731956422616	1.15745383422753	28.2521044413207
189	0.939431241796528	3.82993423525393	358.791059549758	0.339176479676337	1.17018314428476	32.0775362074779
224	0.845609684460316	3.55955263696931	453.444000638275	0.329946021909169	1.26369431567406	30.5807474003527
81	0.895131783824453	2.07509786797201	260.895102463392	0.370237480127186	1.03040661133555	17.2982137833672
142	0.908678562297308	2.76289266043902	383.96200083651	0.323451225665758	1.23087195950312	23.3228639902744
43	0.677382632014637	0.547643983843167	285.942126329392	0.350131017895724	1.0414377515652	8.69859661097599
200	0.812051061838482	2.74263460385972	514.322273969536	0.314526091940953	1.27882663959598	23.573953585018
163	0.942730819658747	3.53956952958451	337.362053825573	0.337661877735407	1.18738642655939	30.0876895303664
39	0.776962577436818	0.987115404772735	173.627327131143	0.440346345721599	0.893750427257519	9.64103955083238
190	0.871785960717233	2.9816060056869	228.82387978169	0.357851171854967	1.03263296095018	29.9046990357064
496	0.991047782641357	11.2952261347348	434.606090435971	0.32042655548595	1.2715560399223	86.6293681722132
87	0.816727527079946	1.50819814014601	380.158139597844	0.304781811511223	1.24233222385177	14.9071722487048
81	0.833386682122414	1.48260392071516	368.338524118794	0.331812792359667	1.21235575219541	14.6694743880994
35	0.693362048369599	0.828071418160931	209.980445359253	0.413144429497371	0.881785206050886	8.46252487191342
83	0.897566873865653	1.74349430881874	550.709883211236	0.299576161735331	1.39108455189869	16.4616975398236
85	0.979384824407391	3.47374474888433	247.108483723381	0.35621859857154	1.05467553758711	29.2723711802384
60	0.896213125917227	1.72120555152299	231.308649781195	0.377079408505967	1.12441657574494	14.4778017795645
49	0.753007450661171	0.849263733493089	430.651535461324	0.321161378573143	1.19867569155534	10.1317484666552
55	0.967934733065814	2.10124482242073	187.974043681114	0.378299863938044	0.938748862416987	17.5774374972738
