s.area	m.eccentricity	s.radius.sd	h.sva.s2	h.idm.s1	h.sen.s1	m.majoraxis
86	0.948114601122023	2.29316439409697	348.778211353836	0.326270266699636	1.14449741558722	19.9974234623298
274	0.70763126493852	3.73139214102188	456.477822510514	0.310279877410885	1.27649182972829	28.8890484339387
646	0.92954364152543	8.1183385613032	356.558102764006	0.355962713386392	1.18751220996921	66.2671318369389
230	0.968337258166809	4.93805182992343	519.408785676274	0.296527362788834	1.29267518010784	39.6629656589977
833	0.956786868569588	11.4957052605813	344.182791946453	0.349331765266267	1.18699260054671	93.6711727284047
353	0.798256050106984	4.55664448465999	361.683110003387	0.328358686297357	1.18256527092599	40.9744799933097
63	0.725277435356049	1.646183288302	252.772102319376	0.356516994648483	0.981883185112123	13.7368351748528
1514	0.882111073901606	11.904715503235	352.425385697181	0.349264736679784	1.19591919559786	99.0424647946327
2746	0.957604835180217	21.7147469854338	375.779919247161	0.350201150923941	1.22586350990178	204.026379701949
1110	0.895863107006137	10.5037994164375	424.699603527818	0.337433094818505	1.2597989899473	94.9788130908059
2534	0.909872232389878	16.0383729887923	362.647866767686	0.33729163288517	1.20942063551378	141.117218160093
69	0.824429359340953	1.57443919777185	259.415148506429	0.414701580759526	0.961544420045958	16.2241363587999
100	0.416679133821454	0.529976645469138	723.246401950899	0.297871775375612	1.41416987228943	11.9191284644693
83	0.860646506880907	1.79453742995108	260.538670724751	0.353354700985862	1.01081823534571	16.5256610669618
1579	0.717312923098633	9.23546301185197	405.455654055451	0.337677444877996	1.24175295608297	80.5819520264738
374	0.33551553498429	4.51960096424936	299.868282300484	0.359351709678507	1.13027652253547	32.507405658936
46	0.930609405838802	1.30258775266238	213.948987243496	0.410500391601768	0.929215575817689	12.7763801147253
1094	0.707510531019587	8.89294208682814	462.010787391925	0.32758977305239	1.30124331433019	71.9551906376307
124	0.654057788718746	1.78013509372826	436.248630353838	0.321784163985679	1.24932890527246	16.4206784210822
59	0.504235370391078	0.487056935579574	525.901606304491	0.28426112418188	1.26480505310343	9.43663176710041
1296	0.953436366818227	13.8212683130005	354.110816856897	0.34476559332577	1.20084173829155	110.661981536138
542	0.520636893615661	3.17928898737442	471.783436975086	0.311129982223966	1.28989093612979	38.0408202915486
785	0.850041982418771	8.34788626618743	391.192618023488	0.360052208661065	1.23126674652487	69.7305670630677
34	0.809328376319598	0.680767003090121	395.947774594753	0.27904251921385	1.14854347449336	8.56337270760229
289	0.915608271845981	5.23336182583289	307.353965888585	0.363439614333507	1.14183437543111	45.4945968796457
1895	0.745154417128303	10.1016719311248	392.782115854375	0.342440557481693	1.24893945007631	91.2996074997678
44	0.953651765944894	1.71336969582035	266.054341767152	0.400001467530879	0.922474319632957	14.5300671748825
54	0.876213748474428	1.31575682671357	311.537652807951	0.347420406832171	1.06437570083882	12.5074377212471
126	0.641252263336582	1.76155184629948	340.759446884402	0.341724852709186	1.11656516081641	16.9116478444068
316	0.829511873972522	4.04282087791846	359.900502808176	0.343221374019255	1.19411293092752	34.1059311655268
305	0.942403740797342	5.04730578550623	356.458176268562	0.343502843401145	1.201091334397	41.9919684061789
100	0.470551780780548	1.24548425971087	486.659089245158	0.324425839627546	1.2417268259284	13.0207564144482
70	0.796900360477119	1.27082342524356	298.174477953712	0.348894885676435	1.11590409185535	13.0399918152938
50	0.947224599561997	1.84788729715127	189.740645993949	0.372453703196097	0.899768795234878	14.7203487768733
2655	0.876016624221329	15.0385898899079	398.403389431404	0.334049423556228	1.24694878512769	128.875225522034
84	0.929149356862272	2.01377575850525	328.092967095564	0.34382875939437	1.09606806988783	18.0142028141118
153	0.940941525100677	3.4441824010596	416.91471923257	0.300254944929031	1.24333507048345	28.0214407045158
2165	0.894844578892399	16.4214949251709	387.072503782453	0.344903374511598	1.22070315916038	134.50413720546
255	0.869124715796322	3.3524047695572	382.237866989563	0.329790795038098	1.21779679364381	30.061150640105
134	0.67258544407635	2.06683954289186	412.192732964091	0.349958721580985	1.24533526067398	17.5487879573268
163	0.701189483346943	2.20524385714379	534.765449666407	0.329407735666559	1.32210613347315	19.1303176334137
217	0.977021150774145	5.15213484984567	343.864398041314	0.340064836216932	1.1889819686809	41.1730599857876
75	0.750967252812587	0.947816962945301	745.870593533058	0.314112636241736	1.32295944046908	12.255604846261
80	0.943369087272677	2.03402472041717	294.601953326479	0.358791220980004	1.04266695627258	17.992234846297
171	0.87103160700613	2.90162887250139	323.113645976279	0.37064642066995	1.1413270747608	25.2806971706593
2216	0.949271103059079	20.573851653518	370.325040951739	0.346208210081399	1.21962347254892	169.265493792056
118	0.864792202191574	2.32196349417633	356.140827374698	0.351096966492983	1.14790852453043	19.9440792039884
951	0.7573370685028	7.62757904652947	407.212537555243	0.335110388092208	1.26513509878646	62.7254715857865
130	0.87287038196668	2.10860867017486	420.720662260956	0.347124346314848	1.231640735458	20.0143114135343
370	0.835083903886482	5.06284681748526	365.870281515079	0.34824239647674	1.18012346308867	39.9213962865291
847	0.944648167945581	9.53299544874729	412.183115318079	0.3200245920147	1.26252596889673	80.6027677129515
1084	0.881186749514322	11.4871657428439	349.315111387229	0.35106824632105	1.20615416968795	92.5039314489323
61	0.436047272467924	0.430651220070415	449.87060678671	0.332994839183074	1.05666655170027	9.35702658981907
58	0.71766707195773	0.708192321788623	450.332502874315	0.294671227659463	1.2229328706034	10.4295539800062
102	0.934405088562818	2.77511453250651	222.56914429572	0.407615324242279	0.985489936787061	23.6462132598031
476	0.70800300150137	4.65901535364148	472.904634921802	0.325080594933081	1.29939759154835	40.5166459271861
71	0.73732527163718	1.06189481970978	378.178617494597	0.317658236745647	1.18787814494706	12.2417300189112
51	0.773616366573911	1.0309777903976	257.915263380525	0.373428561858686	1.02445615186723	10.8856988520887
1908	0.849243240498935	15.8697160983264	314.352196947978	0.371552121714881	1.14205947552776	132.163306975275
379	0.911582946832141	5.63111894037021	360.548276043929	0.342917983203245	1.18482758592772	48.8838738578988
87	0.811087900536256	1.58035388450913	411.932084921654	0.309261515036163	1.15528018099462	15.030328180796
237	0.80349631562054	2.75747510271073	595.408080263225	0.301540493320962	1.36353651068551	25.6780135293147
371	0.906666782935548	5.01321776989726	375.854070732886	0.31079739170845	1.19112732962163	42.7593700210584
103	0.957270093949025	2.92651771801245	317.696498423736	0.351499681003579	1.12342165537237	24.1956770159819
165	0.886646809615945	2.90403356619505	276.551472534144	0.383813707229408	1.08614621892963	24.27623784282
1020	0.886293330614932	9.36385506106617	426.521268284056	0.351301542151215	1.25273970009349	86.7547659796517
479	0.971789701383584	8.2659454893273	347.873266880246	0.344025893832164	1.17838720176375	73.9260321260913
240	0.941914551035567	4.03020229857189	366.052574244457	0.321044082172682	1.1955898606234	34.3815094260088
1006	0.932577882366264	11.6172941006406	385.764556827956	0.34635543913258	1.2336055625656	92.5764370917516
58	0.942060907432325	1.78971144888924	208.749306938405	0.380570082456379	0.95358455307066	15.4807774328338
207	0.958310441562647	4.3508153009178	318.727537297817	0.353749091969745	1.13326951059002	37.3266493953973
829	0.936184119570987	10.1046028228937	391.058777085168	0.340474453068934	1.23159324212418	86.922081272561
445	0.941206192656623	7.38153419574425	409.558056257764	0.343058139663294	1.23902467722031	55.7208356547287
82	0.903858460982985	1.98422535018825	274.960535923501	0.348058659522408	1.03523295156877	17.592275262333
9278	0.797041393425418	27.6696040569196	382.103051104227	0.345740085186421	1.22813372490257	244.717283743318
144	0.751099407327266	2.15630435074013	460.191490922187	0.348862477359209	1.29065351099519	19.4546074501361
65	0.973490009136706	2.52603795584806	292.099488815872	0.325919318105778	1.10455096166903	20.1522750243555
214	0.916335996003464	4.67485596243691	248.053436183003	0.395483202265811	1.01029620032997	41.5962324730866
47	0.800872536555497	0.81428199722256	286.327990937318	0.377455023814324	1.01795116125084	10.1252431692729
92	0.880004610346514	2.05710823770328	330.509360830784	0.343918836287676	1.17152293031862	17.4755889367773
216	0.894509405815859	4.35970944893513	480.091112352819	0.366635390266222	1.25015586200312	32.9574565529576
105	0.853967653804439	1.64952617810989	434.199420685602	0.287409994548579	1.24042354667399	16.7708579216179
94	0.781520560780041	1.29520684647123	408.835403528607	0.318476489030678	1.2377416555126	14.5320217759202
166	0.811791329186683	2.51863742547618	428.099473206617	0.342491928914301	1.2502840730995	23.1106589264777
907	0.764574373505613	7.65805477594404	347.681573690767	0.342024310425245	1.17432784930933	66.2886806680378
398	0.944154545572496	6.11653799075897	509.442779880608	0.327167908199582	1.32216766668126	52.1895315848028
193	0.768232158703413	3.42378456002111	274.695167695193	0.373782116135057	1.07235535817181	28.4073535109129
65	0.737036029636646	0.786136057686979	405.275829735558	0.330292991854289	1.18524327536801	11.1366525935084
957	0.619647887737112	7.66544088937162	525.64682573038	0.313873747226117	1.3423746336254	65.481504639815
114	0.931633782492965	2.71370040449496	268.295618678135	0.373406464171976	1.04288625426495	22.858036882762
102	0.794078799845824	1.81260822526796	376.613372413737	0.320513273990475	1.19555802369492	16.502023589661
147	0.73897715305493	1.7210601457629	275.207403576733	0.378616261402902	1.04305578113316	20.0832953683329
141	0.93745276277482	3.05329403514382	300.963334090218	0.35830372782409	1.0948480435077	26.1830849791997
900	0.582636000401469	8.37311676987854	329.093127918006	0.350713970562256	1.18957598559321	64.9237298771543
84	0.929036142826655	2.15138278586401	263.967879558497	0.347841589732822	1.02741578510561	19.0963689845129
478	0.880164948462486	5.49756699241243	410.794562364649	0.338650828807692	1.2447941857099	44.6684712175061
757	0.935768546004479	9.9211435319691	394.405482203786	0.342055395907058	1.24157006897271	81.671352063417
60	0.893939038767093	1.78963356897509	285.754942910286	0.381001474963126	0.779801890685881	15.3145937876708
259	0.550304481880027	3.57238931372504	281.852661512375	0.350788243291402	1.10946384161429	28.69900670652
176	0.709587663393011	2.65041670181795	273.381054454951	0.371304528906339	1.11265367594456	21.6158013736955
107	0.93370610473773	2.3419751544175	362.81947454403	0.35689228498052	1.16740923834366	20.7236003936254
314	0.950009787612441	5.90030987763448	247.553274082924	0.386353896892422	1.05313439884408	48.5153215452499
1409	0.802508306011668	9.58378461085009	362.725724693968	0.349903337431996	1.2090857991208	81.5328433201747
504	0.846601966801711	6.3859854692504	268.068094089485	0.376921556915754	1.07558766711803	53.1554016393234
464	0.934974499451833	6.41646229148657	361.062430066079	0.338868755024589	1.19530218943575	59.3432983371328
103	0.89129825907323	2.38740305180277	375.318467707931	0.373535453026709	1.1181545687931	19.4149355008531
239	0.62901090483902	2.13000009235413	329.542280925451	0.346281820961233	1.16995954696844	22.6539913764099
600	0.974010999277082	11.1122297839896	287.771218978691	0.355490890627153	1.12061754624816	87.4122771983023
39	0.848693296652305	0.992914381976631	243.741619388155	0.39508490219922	0.954203617884766	10.0068469180817
59	0.941836883271542	2.01993804719727	155.757914473092	0.45368382280147	0.752053384648704	17.751213190044
139	0.499817731502502	0.901591417899432	749.62732718953	0.2987548825912	1.37541690095476	14.6919449331378
64	0.908930066916138	1.8309728668608	225.850267086468	0.41670531753006	0.933556687918616	16.135326189633
132	0.858057425551965	2.52912736878469	365.215349591106	0.348885798031908	1.18817619966897	21.8110619815564
181	0.670640306383264	2.05069557781924	571.589260269814	0.328440486956354	1.29374372509012	19.3628245158129
206	0.919537382508107	3.86478200048165	484.511667173173	0.315717567138925	1.27762560508197	30.5115750383265
329	0.825503869767762	4.92405797124125	377.91492797012	0.352746503170427	1.21686500339964	41.8473530450962
118	0.92750141121327	2.61109261111807	418.092479749329	0.306513691481346	1.19500399652594	22.0694999411224
62	0.67877935680211	0.825656621904014	333.47305920531	0.34118177608959	1.14144982374526	10.6965638184224
81	0.612373786633143	0.978783580350119	410.150615203611	0.315707125373499	1.22100235767462	12.0695485409167
878	0.921094748898105	9.07674004773272	343.296053956666	0.353446402074393	1.18190515104884	77.4788007550416
221	0.814055261968946	3.085373949605	380.049016747643	0.339415938661463	1.2164220237389	26.4210813542672
282	0.871514167366531	4.42059908324513	457.643294422714	0.315182367774778	1.29036652182545	36.1088030094126
172	0.672550931105283	1.50744255315492	295.149557747978	0.355335498656422	1.10241339099781	21.3764896597977
124	0.825438107403642	2.26748755112402	305.907087857253	0.344184574001919	1.14401090312937	20.3050034055354
347	0.788916761687573	3.73213022817563	571.344980648319	0.330240108496305	1.30219054626123	32.7986145467706
52	0.954010547440004	2.05882446921395	185.196256876146	0.410671942483088	0.827464934395501	16.946254496311
194	0.792782840114496	2.88489163736797	386.46370947769	0.303460020552174	1.22423160320042	24.2548093924652
63	0.8672217548628	1.60570288757823	254.049686724428	0.390162174705161	0.909042125129421	14.1837895684921
135	0.879919306481965	2.80001957048488	406.12473318063	0.356748219343703	1.19995876890186	23.3945281555885
743	0.954467842516533	10.0280480882625	305.63646540711	0.36348453369769	1.14780042942038	84.9970465135425
38	0.918153449187598	1.27722630428669	173.355989492051	0.43421366486666	0.758653963331968	11.9009107994232
373	0.66060083663435	4.06145831065728	501.121541146819	0.321340948501582	1.30987643101383	33.583448526271
97	0.771665682940799	1.25737631063169	446.516994263387	0.350190205288245	1.22437296713324	14.6382590884985
1489	0.93010138592137	14.6213270922661	321.610714039358	0.353989605484724	1.17617347197595	120.759741626366
123	0.966941560658599	3.14142413836059	326.542322141621	0.347984787200474	1.1549149358798	25.9434209596481
140	0.869966595184395	2.84696621565685	264.034283020401	0.38023160898455	1.04885992425851	24.6245026249501
217	0.708625638661901	3.01420576015458	327.270827160312	0.356274760440238	1.16825907719549	24.874940584247
95	0.80979952217452	1.40017176051911	467.006179275138	0.344984806693312	1.22798304148857	14.8908835828557
168	0.870370988221416	2.35183301901311	553.337143446905	0.29433668500108	1.32412389838571	22.0504252772227
54	0.461943011183202	0.79366618299228	287.138168036545	0.382861786523464	1.03733222501254	9.3281988544663
47	0.92945188889384	1.60642780050899	149.728821704252	0.421206356801033	0.852421657308531	13.798717286525
114	0.952622877699999	3.42161147569891	312.034237428123	0.37827060744309	1.06671154037705	25.9870961292278
1565	0.833505019761787	13.3033523061517	355.169574424472	0.349618955621283	1.20181757060858	104.816168642691
864	0.867044534939508	7.80711139332049	361.610395954631	0.361491077441351	1.19854104556681	69.1336237109916
413	0.912730172095473	5.54431700073325	610.393375773622	0.311689395698533	1.37825567166047	44.752011564092
38	0.925479074159883	1.27437253832778	228.6537205529	0.396205974073621	1.01878069733121	11.6663990998502
144	0.501443850140661	1.36109924483996	395.665224796642	0.332707086788646	1.23273746839235	15.7221129541414
47	0.805961579037481	0.930505364241854	266.786969983096	0.3764176164015	0.999161871052757	10.3551136619679
212	0.981115205958096	5.34786419822698	371.273533525931	0.339056759748504	1.18701430383555	41.914118024545
327	0.801609346385085	3.7741492945396	421.18232023857	0.322354016923088	1.24204844137331	32.2119077298223
67	0.715674883657979	0.881579716834516	354.416334408611	0.337447206365613	1.17608561629328	11.396809190661
297	0.835053583742298	3.55893203395367	378.510309253237	0.366776694952087	1.20098995867104	33.1133508496071
554	0.954521807887679	9.66041609712891	366.32350507738	0.348033914926056	1.19370192606572	71.7199172828167
683	0.902404488137642	7.76184153732399	367.517241858612	0.33591434326639	1.21636780645236	64.5182050948953
1055	0.985654567978329	14.9885891598433	440.442135764114	0.321882525719509	1.2824956178434	118.164469249307
251	0.969060886154774	5.07423378046339	358.638479097347	0.348159448394742	1.20058140253113	42.7366886322486
446	0.747598087446212	4.62170683051316	486.121449952661	0.32878098814069	1.28923440457713	41.6024516655193
58	0.693047197984994	0.851302579680741	310.692677215984	0.337431899860742	1.14650341942104	10.5056012497566
393	0.740074825257325	4.66027788843304	307.426206308989	0.362170298511908	1.14494483623261	38.0474863399285
287	0.930813539574735	5.02741564157023	274.422255849116	0.370811916413321	1.12051380822267	45.2033352932474
2605	0.798216806382867	15.1243665475321	385.208820550897	0.351605046429714	1.23023681140577	118.255129033536
924	0.826324058673108	7.22410037699056	376.647740947009	0.350394652070488	1.21645576500581	67.6861286291372
264	0.68751939142851	4.0770890236379	337.38256742991	0.371414001878975	1.17927320429487	29.1920378612205
134	0.847064077603974	2.09632813743396	432.834113369141	0.330228711873689	1.23254354576392	19.7203799659621
665	0.756926005531773	5.92755947429606	414.852838978759	0.326399940552935	1.26921349904904	53.27376822506
103	0.901527103007786	2.17543510019623	410.620057470787	0.359866326114771	1.18770538347958	19.1577805614346
43	0.879289017813963	1.53521971279978	147.775152385453	0.440863053697278	0.794764864051812	12.7511678284695
57	0.798698279525246	0.817182726165361	337.253227418948	0.305282225358537	1.14979508970053	11.0290338860714
138	0.901101362502638	2.77621233247643	545.003694590934	0.335953013322044	1.25978114342813	23.1390619280708
877	0.747646245412842	7.76773892847511	384.167929702397	0.339549028075748	1.22722373311634	61.2993664603888
180	0.854760392539909	3.15469048462094	445.306239708838	0.318901003606886	1.27121415700459	24.8607289970548
532	0.922517630747164	7.62336666743207	383.732883777816	0.341990228081524	1.21302803570292	60.9280917881029
208	0.935118509473574	3.91259404214335	382.859335909724	0.337069462421384	1.23505296743277	30.9952673653782
800	0.971991216024784	12.4327691414479	366.971828788755	0.34174877847009	1.21361093793115	108.856728308069
64	0.877648985890667	1.7199437038354	555.237836803743	0.287509989732972	1.36023954216714	14.1748584851376
51	0.50784214680773	1.10893782327677	212.700469176977	0.382133510368804	0.944867207860898	10.0243429648266
36	0.601360476840354	0.635384903534818	248.810449115777	0.370037148277839	1.00991141179105	7.89079861440461
1067	0.751000843079154	7.98201749183467	366.917199849493	0.343378108864121	1.20338220287722	69.1109353088712
263	0.9106182572539	4.84883157925216	266.796932230426	0.384574703240158	1.08523645333595	47.1138094702963
651	0.71958686597649	6.29687745034444	310.447307011559	0.372417810598307	1.15124202924116	51.9572961381365
736	0.860161008609172	7.10799790831599	372.421346765362	0.344078847607303	1.22963112852562	63.5950591221869
283	0.717288250097026	2.84860556728828	348.520534109378	0.36901377413085	1.17924688516848	29.3340885154104
32	0.7852702027189	0.814681672961577	190.458072963564	0.446220647738674	0.819883625334587	8.53870457301372
262	0.971259890095721	5.83739912222375	343.014561648473	0.355904876645971	1.17625939026616	48.3121596208917
38	0.863018284660004	1.02927933770422	197.526521410264	0.396783859804527	0.91799668244189	10.2458378035319
329	0.951946712873808	5.33995413661245	459.039293187103	0.316636334838332	1.29231028691386	44.9861435202665
227	0.958732215269401	4.82984499273226	293.719491613585	0.37144976303397	1.10867401201493	41.7357654093033
1498	0.916600928902007	13.0776035095233	336.03252763391	0.366701504214171	1.18232262017779	111.570239314266
118	0.961183668565227	3.18851524066739	308.04777658056	0.348236632917747	1.11979751724194	26.178530975861
356	0.941150118711578	5.68022328192542	382.899867495267	0.358166619576356	1.20197833950763	51.0282758424642
2849	0.960832875437416	22.1975727588701	391.82371891657	0.342929187173559	1.24219567664786	186.185522089016
211	0.956397471157864	4.54017750616179	427.450428722404	0.327336074403195	1.2484108392685	36.2737820581725
418	0.926125925966845	6.78825392766353	414.341088377151	0.343818377591197	1.25760157200493	55.3309373212966
34	0.801774154189425	1.05730743662155	122.718511652137	0.462531017369727	0.667367309340349	9.50995973331097
75	0.78762458149105	1.30928566616467	302.669498247772	0.366329567375319	1.10652120584032	13.450646764797
275	0.67556170576248	3.19893540662753	396.037202626469	0.345961430257429	1.23795383210894	29.384812192934
255	0.910191580836782	4.99267575613146	424.675993596464	0.3556283555302	1.21924005356549	41.5548596693041
176	0.892638013549286	2.6151429561779	358.636915156139	0.351636142497415	1.18728290630774	25.1564457706825
111	0.569601541917273	0.935700105700405	589.131246623681	0.292384715210098	1.33368449652402	13.5375571537435
70	0.713514776162744	1.16432742124836	433.90606830554	0.370948488980375	1.09993348505539	12.301507836763
405	0.927790719935497	6.15777491833306	312.580015488592	0.34452598292846	1.15820262055362	53.4850635894253
489	0.906195620032037	6.2138386618472	350.585857111358	0.338138960256319	1.19214032197324	54.423716759486
95	0.882633817006592	1.90313380558229	367.869003398715	0.347649448756715	1.15446570174937	17.2051516703945
152	0.973667653800379	4.39905114594693	255.127200244881	0.392465098469746	1.05925381267871	37.5479887052969
162	0.963318092239566	3.97318002880294	402.331260663548	0.335015737210263	1.2269010116704	30.4983117500835
983	0.936089359283449	11.6642494807992	367.921227229949	0.344689588334719	1.22057753996223	102.356666166845
148	0.885341215631084	2.50406835507563	392.369738504625	0.350504616918898	1.21163058892292	22.8833766488163
241	0.932868582200056	4.66510733395648	552.661021756573	0.335603319002494	1.30918088806159	37.6090233732699
83	0.761716364989353	1.3135150923052	458.01680725912	0.333091460526755	1.23554736122099	13.6310308385683
3858	0.820035411095238	19.4497146179111	375.361916876577	0.337434399158192	1.22209718369594	171.825801024088
36	0.543905643893374	0.298125322686898	273.652642751737	0.3455952235364	0.985929160740499	7.34500568707377
175	0.929489983288776	3.64210103246849	346.403419198051	0.33098031316635	1.18511609224598	30.1280430141576
251	0.919823168215025	3.90523914597374	453.354287792971	0.315686643896036	1.27856863653071	33.6121463150543
43	0.846304940655864	0.987095904492932	260.221903532062	0.384518184033227	0.902551731428284	10.5275083263239
164	0.947097175950976	3.28506880228629	334.157904623195	0.343755785436458	1.16819268734978	28.6421125876752
42	0.885330472872962	1.17754024903777	232.396213049096	0.42701902937197	0.959410981759211	11.2708214105019
304	0.918859783132686	5.1939720432031	243.757988608489	0.378012481015007	1.0524430276866	42.880757533605
42	0.894751636572401	1.14789631337188	208.832456229882	0.401417534682936	0.887363210851108	11.166634613462
132	0.893957985120671	2.59625823383611	295.240152372145	0.365856888308785	1.12235430439557	21.7597127634034
40	0.731997883510193	0.717583079034816	262.576684555586	0.372883798418996	0.9290094197041	8.87011270512071
225	0.570112787203166	3.15065115288739	348.821459431408	0.348978711597307	1.1909950898069	24.6878710436839
63	0.747955049085582	1.09708712237293	293.706094907162	0.353030685971862	1.12800383836248	11.7191659770394
362	0.731706768567779	4.19106138842661	244.332607022017	0.394464877626003	1.03366188678065	37.8469895800248
137	0.913614012393934	3.83901336649744	334.08339952894	0.353960417631817	1.14009138573504	28.9785901190823
197	0.904508804068024	3.73249915586955	301.493548498301	0.362503761835688	1.08294492137565	33.7839212783816
191	0.853894963925935	3.04291196868455	465.365762959546	0.317991141310994	1.29970504920602	25.9747815131771
335	0.897996614752704	5.57529313143746	313.165467402903	0.379958733649965	1.11665095694082	45.4303765911361
352	0.905854989029019	4.66213745223498	381.320058165618	0.345582862860402	1.21557358438702	42.2965008949589
157	0.89017907713701	2.21033566978153	598.221922775042	0.325783502959973	1.29988417671151	21.7578592792815
275	0.937870264511192	4.62601125968118	688.788396393284	0.339274555857068	1.35462653926872	39.400944076503
290	0.902849800452108	4.54900972356575	509.752289584179	0.326720985383062	1.28510830297647	37.2577579447786
622	0.924962185877389	6.58167266244613	444.093896550825	0.330822077900444	1.27426317666394	61.8372509392065
88	0.913414502564729	1.71823954475881	398.76228426708	0.331789416019875	1.20187547957149	16.7286910537105
277	0.936458560222453	5.35312933797693	302.70854480251	0.376479300504276	1.08079972676054	42.3531869348297
128	0.617419647902035	2.06613765078684	424.901945681356	0.32733475902927	1.24893467733773	17.0939012543859
45	0.787387930696844	0.824586232109678	283.689320050696	0.349445746892556	1.00919524767411	9.88370369901846
185	0.962520814735097	4.25064144342721	243.639635664296	0.381551288845406	1.02794047192852	36.8206752183377
2260	0.574447950623134	14.40401890664	390.596189069414	0.332651418296005	1.24635822732379	105.196350183061
93	0.775105233090779	1.33723455802783	405.66545456686	0.370721048437311	1.21999710056705	14.5301039857367
56	0.85821896522192	1.14091300040952	267.099762425999	0.391493130224128	1.04323066961373	12.2106749443637
139	0.915113165296739	2.97324847668599	264.239622924766	0.388194691300248	1.0484972313523	25.8370484875104
111	0.900688841575203	1.9730626315964	426.454878608762	0.31679179580356	1.23794341010822	19.1172624174337
275	0.803851117935997	4.00048221360885	537.331333761896	0.300554991409435	1.3522059931692	31.5313658501781
38	0.617726386089762	0.532046432681777	241.400347401965	0.39030527172515	0.933522955768177	7.99059781056815
150	0.867657007813165	2.31981870920007	375.699561814439	0.334111335411768	1.20370845839596	21.7011402621441
506	0.966522412897755	9.03135848263904	438.448462899588	0.338879163653038	1.26084095159989	75.5935381779314
795	0.892308837284387	11.4920911081139	279.699046616033	0.371465784024342	1.09897737867837	93.7047732174856
567	0.933046361004775	7.08179176474429	376.258549147605	0.348470209187179	1.23290163131141	59.2647505457577
158	0.641380041898702	1.93204769619679	474.165911783804	0.335831369526016	1.30809507790111	17.8153329416453
227	0.922422047491643	4.32596843201288	313.767851485976	0.374891017272653	1.14491468920529	35.9671598435089
3222	0.947533188617915	22.7602442530268	404.171544401629	0.334362166302744	1.25693226881972	193.314574135847
275	0.709468604960451	3.28377457049415	363.49154650716	0.34094372618507	1.19887168858545	28.0277094607527
59	0.792656899699301	1.2311172432363	217.027555670784	0.371137043988706	1.02900831907924	12.0348774687406
131	0.793718379235605	1.87321486882969	576.870867992368	0.320923554982379	1.29696551130748	18.1626154843666
105	0.947390704806494	3.28363326583124	349.676877029971	0.350973617444206	1.16911478537956	25.2001848014747
108	0.663324215749613	0.910913435625328	540.719776871771	0.297199026788372	1.33791432060252	13.8631880608186
547	0.921647553466385	6.95111776461397	325.140786493061	0.362837725974981	1.15115270018234	61.6435073982186
36	0.633413394436641	0.658590129532539	240.853332977545	0.388984323690206	0.992500563987354	7.96075648052704
517	0.863074215901683	5.87582368597843	326.71999274656	0.348409565550069	1.15933891488867	50.8535543560103
70	0.756434601350354	0.76995426587254	441.756749081328	0.312729538611891	1.20264117869454	11.7490258685641
5918	0.880332573852142	23.2199045744031	390.816630418166	0.341934206562964	1.23789217754941	251.160967305089
47	0.849304066340405	1.24035460319881	366.097020380218	0.285617524764584	1.17917152490559	11.4275702456458
893	0.48275814329996	6.88129886277786	331.977702697412	0.365186252804884	1.18099078826094	53.8254052139951
406	0.911058093823623	5.32468891382025	371.327363165344	0.352074571180873	1.18087135202631	51.1863153235099
41	0.955637174789777	1.58659669782676	146.678212576777	0.451083133136972	0.76011901529216	13.9565213738666
84	0.800674414520042	1.09509698121837	418.364659249564	0.30195170291465	1.23532173852455	13.6094714800517
94	0.833571236990069	1.45362963369928	399.148918462317	0.312014501729872	1.21264054624858	15.5546848542202
114	0.931304762576991	2.36540245044672	326.059966039449	0.363759091677027	1.10979304065113	22.0934516852611
38	0.886215515670152	0.993561421210286	234.183149666628	0.372453200998093	0.885857107213326	10.3214341927781
4431	0.939431336436093	30.5078020011501	355.594952697034	0.349927441404491	1.19500122394972	259.215943599515
1523	0.729128463227354	9.77838407717571	321.964635789632	0.361465025530551	1.17324287957142	84.7910002467302
364	0.894361867013157	5.31769438860505	312.684278507156	0.360472750122216	1.15358620140853	45.2476646359717
1050	0.851852565613469	10.8256033692665	306.346177742638	0.36322662468757	1.14393666676808	97.5930748244228
202	0.762367674241938	3.06883527570176	266.362316613021	0.365305897102933	1.1041394580057	25.1383896181238
683	0.938072020065727	8.41506838761148	314.033989147269	0.360919801250831	1.16104649228059	74.7501025447422
122	0.810039636792081	1.41203426132843	313.919405918105	0.365778908565286	1.16779057553351	17.7628922298334
43	0.975143319621475	2.05199877459785	191.52079321242	0.473044602456367	0.647383203523446	17.3806858553705
248	0.96079475542877	5.41568661982399	348.694695317886	0.37691532153093	1.16836588986436	44.8265489850214
45	0.89532665788739	1.4197200276715	164.999969730389	0.428622185278532	0.869395707308454	12.4660294570498
210	0.948803695320801	4.28553922195043	309.680492879546	0.36178350639335	1.12554854451436	35.5818274686437
376	0.892027357371399	5.31745726783281	379.491681364691	0.336745655289344	1.23496266541228	42.9339468856596
167	0.829325568865223	2.75206957346194	697.151077967672	0.346463171397576	1.32816250505359	23.0930394108021
42	0.837163288643894	0.988700542503498	224.222043955441	0.380431072751591	0.92183936610847	10.3815267938089
32	0.884577878298946	0.920436229004224	189.68412662313	0.496443341604632	0.664513368602295	9.41218695567763
190	0.474002071479385	2.39145309626173	293.357447761802	0.353973260956183	1.15464462303012	20.1204184265779
281	0.901626575228442	4.92801994683457	391.893876159974	0.317304967301221	1.21212969937209	40.7725665871931
101	0.829326419548681	2.03625831217613	409.742834262363	0.364281081081081	1.22170924078341	17.0556861020074
69	0.684891579724882	1.2707228243852	270.846366432387	0.381677955871504	1.06090057019086	12.3660819954154
33	0.880970471944319	0.910014211790725	244.257462261821	0.398819096245567	0.832111554846079	9.56678733224384
1605	0.915249225475688	11.6009220461944	342.941823728275	0.349481603592154	1.1823861449953	103.860491504705
206	0.729377432127159	3.02645119224149	376.041856566112	0.339263802937272	1.20713091443837	24.844610866708
72	0.897592168327336	2.09882450333871	226.270258517239	0.402733983100956	0.952270736044767	18.1063708129782
54	0.286334166122092	0.646938657342427	322.26031877591	0.352656629058818	1.1375539635859	8.82309018280642
166	0.822147795137487	2.04426329305593	534.955719342644	0.290800984660382	1.34515499442718	20.4656307867632
34	0.776078272227757	0.665460316193953	396.995755324552	0.321360461585181	1.14733647503852	8.35956655223247
412	0.880556924590555	5.42578077382284	434.528937724166	0.331481629459571	1.26725388015421	45.3171466721171
178	0.901237165317297	3.6338609103218	327.850204966529	0.382430197841347	1.16597504761105	27.53244706367
101	0.856609998272834	1.74454787234079	369.264996999654	0.324288755855021	1.20700232405212	16.8337854983291
304	0.902382399548125	4.33497594909658	503.526316131625	0.299975566898167	1.31255141304955	36.185068699644
79	0.739580101482437	1.0408198738365	534.22744116647	0.276364793526558	1.2582459453574	12.6842782066081
371	0.917049807509585	5.24298667663253	313.7619752731	0.359060864233295	1.14376245138408	46.2034025118555
112	0.855779266920252	2.08883285164213	357.331906180172	0.345532979014175	1.17795348046539	18.4855612557908
571	0.977776560784624	10.4867998224713	358.946106444418	0.343322626630747	1.20438366401971	88.8816882415535
2019	0.861238117134073	13.4749713677794	346.657852079125	0.353770512445647	1.20489764355926	116.075526647289
1273	0.5116533412286	7.95460255430553	336.106473195244	0.351610454735221	1.18038395571604	67.7593026086666
147	0.858491080585746	2.0367634291462	473.4514363972	0.304903686573289	1.28959256287155	20.1237497366964
65	0.855668172046691	1.24907491543377	338.269638527494	0.317241575172994	1.06312319187545	13.0033331439545
168	0.773201115383509	2.54877786132307	357.977308173359	0.347350468042509	1.14728837243174	22.0286169873524
839	0.979856431594284	12.3999757915957	432.065765552499	0.349377929530179	1.25198755536218	108.494348947978
492	0.822539655963798	4.99842548750976	327.501283919549	0.352534166095266	1.17048099255124	46.2300916933993
88	0.823958887861653	1.82561824491934	285.284182254893	0.365573409333	1.08254118064882	16.2266548103678
60	0.937553472774412	1.79577534829028	198.329479429498	0.41918974748898	0.907358121386595	15.9012926385858
61	0.647949622306523	0.824840836614974	464.8758171924	0.35571488432641	1.00694789969007	10.4842623069965
450	0.958202606336979	6.23310549889179	424.348574632806	0.346821433309563	1.23582770491383	54.244232748612
823	0.827802257516965	7.96892914679205	356.159980529577	0.357195784449886	1.19349477410143	65.5072350610273
31	0.809096265269591	0.791443947893762	195.328205359817	0.403739866563396	0.879678078284042	8.498380297535
393	0.883970839184675	5.00530233983238	384.707665806149	0.360301859813172	1.20369446051376	44.7609738497708
409	0.804130482943743	4.83281125245318	393.775174600324	0.359260814048011	1.25477509888913	40.7721739086548
82	0.276268360550026	0.459927709183709	493.470004644833	0.290239200443804	1.27024624788007	10.5110192504494
474	0.682033698590717	4.52200187886948	411.682766468343	0.322232226144464	1.26188653239925	38.8144286620452
58	0.501769957582045	0.688923302226188	303.352321124565	0.330283127514961	1.14031979006052	9.59464748476473
138	0.898481414095951	2.55310453123259	371.224200826528	0.329965706989928	1.18588335937366	22.001332671767
870	0.989405541058051	14.6203287022397	364.727413018597	0.344343596484967	1.21834067001649	122.678532042356
362	0.95395989948052	5.93609498836636	418.123557377855	0.324623949182773	1.25771496781382	50.4140771435921
602	0.981496351639625	11.4832431993659	361.268494172977	0.358413987257372	1.1716768749778	95.9644966378847
36	0.606503135577906	0.59641661132087	256.762518131785	0.379213165592011	0.947383225179048	7.7784807132737
392	0.484714979034964	4.43568218233406	363.022901416076	0.356661918090683	1.21584920380458	32.938702767528
270	0.850773010969161	3.74802156947931	297.995884383862	0.356677020364525	1.12150872650581	32.9467570035217
154	0.834137514201336	2.75719739789449	375.354995515876	0.356113876758518	1.18687069102974	22.3983091339265
356	0.968947337313061	6.4184884061985	325.972086270296	0.350355567037448	1.14796054422529	57.3309100923259
376	0.949687571992182	6.29110387061332	367.639555481678	0.33712288013964	1.22865310616966	54.393535433431
273	0.903322112097828	3.6583340749517	464.289364313287	0.337693148128494	1.27692040798251	32.8107153680286
63	0.806043886112313	0.955756969741105	355.837157816652	0.350442052121093	1.12116038966715	11.7742375658593
580	0.982175789883501	8.99933481006712	423.41671070336	0.328967894909946	1.25063944875134	77.9318888362787
32	0.921803198853989	1.12987488107773	173.284783797448	0.431780913228877	0.803697197499708	10.5172127865666
198	0.206834883727668	2.67295549865241	412.051726155452	0.33793410535492	1.24580432357063	20.0282884799504
256	0.978452487826739	5.61037447432507	415.893965028819	0.328663890134478	1.22875818992623	45.9738423594347
140	0.904846204876531	2.56587797740595	459.621011672642	0.30246247855003	1.27359473732109	22.7362012991752
138	0.910948657241697	2.65564606187426	414.439077270729	0.34917175360082	1.17165218865173	23.2334373629618
534	0.80807655459993	6.73933955705388	346.910454644392	0.352877131096545	1.20458486114653	53.7334600027084
32	0.816268193206765	0.852651467080154	191.287048574121	0.439934460807326	0.81973229668964	8.75792239309808
742	0.773311261207818	4.87532142103387	405.74268090633	0.337165369763976	1.24328878062898	54.5494574256595
75	0.882268359450358	1.63870565355148	276.99004985236	0.389245036892096	1.08212309668099	15.3617734304298
105	0.799805411100046	1.48856272472718	405.620143244396	0.324264288970171	1.23716703252816	15.8621522207784
527	0.668206601023546	5.60519373479978	291.62095083424	0.357172125545828	1.12079595907007	45.2215635623997
2065	0.836386536984615	12.9698318819078	342.604725345091	0.357821407576209	1.1819761027855	111.158899983865
46	0.739185503653938	0.630818630193631	316.162809636197	0.367696830903922	1.02133027441945	9.34303348754604
535	0.894547228676129	6.02905422101012	428.951464448883	0.339161088406634	1.27546235463739	50.7816605582276
79	0.686085389563318	1.35828719645424	406.38885004141	0.331515320803487	1.17733024526842	13.0054504614693
123	0.789986463679958	1.68297817624837	517.357546051147	0.342384376218048	1.24699917301297	17.6686092941007
3796	0.475423207019711	19.3559304556945	364.215535026962	0.351334836072326	1.21302860723209	134.062573115548
318	0.917775117842177	5.16252082869174	389.478073927498	0.329273158437245	1.23180822264633	44.8839513343468
154	0.781644484390426	1.79841521553789	537.610430478838	0.315018477064513	1.34718373060703	18.9778084755249
291	0.839056242781543	4.00705589169853	555.689092056705	0.318573294685723	1.33844709468974	33.7916290542615
205	0.884577475745672	3.14759103663314	308.5142646549	0.343324301453222	1.16622451633763	29.5889498681607
270	0.963225861501977	5.62354075661784	264.77839529123	0.380286582225406	1.0613499749477	47.4211656298297
189	0.735986008830419	2.68874922395575	410.761930033142	0.330334157086474	1.26416764946089	22.7934959053895
206	0.798325491362052	2.70126868874946	592.596216038528	0.300114804366406	1.36222619501189	24.1152681813436
72	0.85968845669936	1.96590121868079	199.565848822422	0.40569473134179	0.923917513008604	16.8584521394916
196	0.927994416853639	3.55933534568422	526.454521089389	0.315233795600671	1.31634922373425	30.1146486058272
1510	0.710579862883969	10.3423516703528	402.974894211962	0.357423757368228	1.23819280819385	87.9627073476243
86	0.828294170155753	1.21014886505222	439.875956689672	0.342390382028391	1.22382179684459	14.3341677311341
53	0.908060295450941	1.6389032647316	169.419113410917	0.422087594033295	0.839654373173272	14.1424503536331
53	0.67541168517537	0.586957274920264	353.331068893504	0.352055165429778	1.13480551643785	9.72661825073885
335	0.894206551659557	4.59309720174339	248.285947362902	0.399165107164662	1.02295325794948	44.039021620029
133	0.860075677829698	2.79769947504108	340.770712216716	0.362539833888835	1.16308934888491	22.8103739499742
205	0.969858522157448	5.12358672659365	334.269104286848	0.348598487720127	1.15303316694586	40.5101712937493
105	0.745842496099873	1.11446867536112	348.068491675864	0.351437642167054	1.05816259877497	14.7058435969793
90	0.606342151551743	1.78163497889415	261.215134877614	0.367844127255892	1.06920362911496	14.197885831525
511	0.905851494796684	6.02437326933052	470.38795294228	0.318472512797219	1.31730040075004	50.7964490073765
382	0.763445964066891	4.36066150233335	449.899441548943	0.322232297474416	1.31533290533634	44.1648477298732
37	0.848718707050096	1.14610208771553	177.139603874055	0.490074784081443	0.830035710327845	10.2270135196621
35	0.943727431598749	1.53458912570819	112.529310552106	0.534042553191489	0.588410324360773	12.7085928705338
214	0.524318113944777	2.93438630082834	385.890432289786	0.351161521382215	1.1943598574824	22.6475740972196
152	0.504678350092464	1.78059972007395	628.136380552406	0.331223417188815	1.33876048054821	16.2351751029934
863	0.961067082498107	13.1627695123579	361.475507984267	0.345448083668841	1.19672353334993	98.326965142995
1122	0.808583870414113	9.47813693323015	322.98660978592	0.354379711418557	1.16349637222941	81.586825559558
126	0.902212084246659	2.63342747397732	279.833907185492	0.348916836934054	1.10835550923156	22.8390061563198
535	0.983688680515208	10.2613622797428	361.448253279837	0.339379771219487	1.20014842458604	87.0179672486051
232	0.934804508291578	4.59604653981824	387.458022601009	0.324905465296616	1.20201044604178	38.1236475771855
215	0.942791342310585	3.86273101571547	366.520997087553	0.365740754056836	1.20279226987312	33.9824421404844
40	0.723908915654446	0.583339072739411	295.296768482094	0.339733319657418	1.02547954085855	8.63570494036277
59	0.965368936082029	2.07730129571936	220.54461750344	0.425524030818148	0.781089930080702	17.4577207703906
39	0.79130058195756	0.802402497595971	258.048468575368	0.368817539066791	0.94567300997721	9.25142905623402
964	0.856321013090814	8.43581414087565	387.727004273973	0.358343050882766	1.22894321471016	74.6568253178742
57	0.809596632219807	0.899507297391013	357.364523577389	0.322328829831241	1.09378513409022	11.2638035385139
68	0.856528305341245	1.21887215952256	380.637758053286	0.303645341836738	1.19450113600907	13.2221329215361
67	0.880525071436605	1.78872412824345	202.024674647936	0.458869345009948	0.92331621503199	15.5826380648657
572	0.86265972816346	5.86601588552904	507.54337842869	0.328070039094707	1.32289187709506	51.3014772929426
231	0.922438172772515	3.82720043472804	379.643493630933	0.325001488594412	1.19974725900568	32.9437667963666
186	0.677995240575714	2.94647084504153	300.01870639388	0.370526832879774	1.10169430715857	24.2669025031287
535	0.916063103597057	6.76540426685594	395.587003399547	0.337851181391785	1.24091762180883	56.8192442520376
12966	0.815278426124645	38.028049802632	379.844801146298	0.346997448109522	1.23179309504469	332.631534142618
556	0.96808472572734	9.21498519199713	311.428595440598	0.367600435407922	1.13482771864255	78.8244089594987
135	0.973206565010124	3.50245408828971	292.105778289325	0.376139311002497	1.07923676593384	28.8993128118674
6283	0.965097371014844	37.8023897798056	355.573141141533	0.353319012112486	1.2095816985968	315.697623531107
380	0.968616140612053	6.74711820515627	454.444076428837	0.332819587555566	1.28999013401263	57.283266605845
292	0.789072128471633	3.64941984045325	302.108590503811	0.359666207767257	1.14738744481765	30.7264515278461
151	0.792600377107175	2.50006369043357	358.764732665786	0.360545539074951	1.19805101774214	20.3819077248177
217	0.945957407581292	4.36861024260172	387.083186885611	0.331071430800437	1.1941534036429	36.6166850658255
1621	0.884319194011086	15.7820359044624	350.111537773769	0.341542670542704	1.20972419977796	111.356030683491
70	0.960101755984755	2.23683596684833	230.124569093266	0.35488973884009	0.959635991587693	19.0091422286974
145	0.876454334858159	2.41709510933452	373.475055542854	0.330088775427011	1.19472312345655	21.6498500575014
201	0.946444056638243	4.00560883095863	380.963396899556	0.304514372094724	1.22098466992901	33.9874421800298
69	0.835687247527708	1.21948683434598	326.350301834544	0.344280678868914	1.09787793949885	13.0085083593143
47	0.883328109475503	1.22410890278629	290.332773881425	0.363810418625834	1.00576783178178	11.7470656511472
647	0.721629337066983	5.90162254140918	393.864425435992	0.344975123369663	1.23870875282711	51.9260299687414
115	0.751688381324812	1.43232138984629	482.673721265699	0.330606664313	1.24294482910523	15.6492561142652
240	0.899156465796716	3.33508446837877	550.732942451266	0.304334888217241	1.32346288273839	29.6733080585184
318	0.906209357020342	4.72726497560866	314.274651589019	0.344303569513008	1.14488581340962	40.3769638842513
253	0.864892970992996	4.31031624941574	349.32978645221	0.336118724822364	1.19592530165656	35.190823073222
694	0.984640756333702	12.0543867489335	398.03162060264	0.336479986021133	1.23071604748239	98.605529867188
60	0.94065111748363	1.76243360538962	221.601618538303	0.368498949979026	0.949501263550129	15.5356729196527
61	0.444796657904776	0.626673209006845	405.565821091605	0.340475177649284	1.15671401062006	9.56893988140426
376	0.681871206900207	6.24111128767212	365.17308681477	0.356881915334077	1.18700609992312	42.9733099790216
423	0.938004671555193	6.88475995883954	353.674568737185	0.355175064644383	1.18110219848519	54.9778910452381
1067	0.927073576625041	12.5642029766063	396.895691101144	0.337900787834699	1.25548345976402	102.205074723782
319	0.70086819664647	3.8424729975259	340.895218826618	0.33453193203941	1.1695112684595	30.6296069312903
49	0.837805387134226	1.40870722534222	284.926990250335	0.408440715388251	1.03199337926897	11.7688437728908
68	0.69233651192672	1.75274362413325	200.791935930953	0.479361249697384	0.868409349429382	14.0044006594382
52	0.761824516424608	0.939026508253014	275.630466576503	0.34492437639316	1.07833187329414	10.6662466296672
38	0.844539926228161	1.17684323687816	145.575474406566	0.540792540792541	0.60134122494993	12.40692305712
206	0.726721668481876	1.95886980721906	828.75961051466	0.28364712082228	1.48780430797686	20.9480452233516
80	0.949414299929386	2.36527274847532	236.03556339462	0.405034296196649	0.961855871678181	19.9713639764188
410	0.977567997525459	7.57470976046533	325.41677951662	0.355264398046105	1.13824959596536	63.2505626951183
129	0.728132389836316	2.63576723932181	270.128152993169	0.365423542763696	1.08864296578822	20.9390722699311
77	0.931279367976513	2.43710950829446	276.233580920988	0.420028048263342	0.97857272073752	18.7811088412659
273	0.954034366985485	5.10140472881472	308.724022069755	0.356446606566614	1.14851228370626	40.5803971016894
104	0.798894833456429	1.94099210375202	330.049216695933	0.361775477323967	1.13032599522694	17.0768496619115
245	0.914084838941468	3.61898185108978	377.131314527012	0.32850591547186	1.21304509947879	31.9334143648946
340	0.531208695775332	4.32434707263091	393.17044770095	0.341068770625158	1.23834996207994	31.0155489084711
40	0.538728224074111	0.726529282447035	206.639059849257	0.374036972956934	0.975891770850571	8.24817960301949
85	0.767912486661227	1.55814466699279	328.843231993674	0.336481068048264	1.1342699331932	14.1906483142323
218	0.767905580279837	3.23904382629509	351.420717177459	0.34448425649543	1.17329179215286	26.4043914156449
2854	0.771071755941137	14.8666437314522	380.494021583941	0.3426004543166	1.23764593206551	130.811574499756
1782	0.896114817548269	16.3240028226127	425.65234967391	0.340169591775976	1.27534163332865	129.301566378471
212	0.936857465599698	3.80756176188022	473.91379343409	0.34501973897449	1.27740574739904	31.0106426806787
150	0.677770056628747	2.28537653460939	318.806776816355	0.361749302872297	1.13325527935574	19.5041941638942
82	0.859947956934139	1.53225115635544	420.615004917957	0.332418246300599	1.20866579307182	15.0756879370461
1349	0.531011738392805	10.4804109464593	388.330248314236	0.337141234519875	1.24366747216121	81.0632318133643
181	0.893679566574266	3.56057462614076	334.787793832543	0.348982000660144	1.12986653901048	29.6270641080094
226	0.732181893448858	2.85907340517923	401.509487659172	0.347020870367138	1.22306381980568	24.0190978480448
832	0.909989790934539	10.1293241214024	379.000908274761	0.337594533976124	1.22639210050007	80.7273670038009
39	0.915887782142951	1.26031036695933	193.30370619684	0.428153206790978	0.87663646212699	11.560503598227
1190	0.967069043515306	13.7775017949556	313.221287239647	0.363529294577809	1.17125123329005	119.904024522662
191	0.886887120228853	3.30751744536811	362.527249378494	0.339920286907975	1.18111897964799	28.8688371936208
315	0.968672876774375	6.22879570039108	441.295637200036	0.32714798042275	1.2708817040422	49.9241432112566
35	0.878727707131669	0.905944955755992	210.308843356627	0.406243994479289	0.896092798765584	9.65765640597542
1311	0.56399535764433	8.55910274598826	448.426061243345	0.336642741233614	1.29532825792402	70.7738457024951
120	0.933805490553699	2.97104837630726	214.87720469445	0.389717021481727	1.00528063274847	24.1918054602659
148	0.943776020181794	3.72088304323917	249.449649802707	0.365222084506629	1.01553143366896	31.5363383736936
130	0.876663563974511	2.13262386040675	437.257796354814	0.300485111577549	1.24902670223263	20.009237468907
1249	0.547374515631101	9.40745451897477	364.965442370014	0.349970859630391	1.22529443363977	73.2823281127437
960	0.799374936643232	7.26875787053949	428.220760082791	0.332677136092485	1.26957281016293	65.2750162486479
479	0.977920800125005	8.89367885095683	339.959436419374	0.345119981947477	1.2032424839265	69.705118048945
908	0.946283953447992	10.4286013470335	429.160354119174	0.338645567629212	1.2687953050974	89.2519564047146
196	0.861958521423839	2.40782502397679	611.587051033843	0.31177811856625	1.35448888422838	23.6168497071331
4460	0.534688569763793	15.5835177965188	427.485946649686	0.333800060717094	1.27441694141519	127.282703364499
79	0.721359350310384	1.19488638144723	368.794905581616	0.328143349786746	1.11344910170957	12.8538531605861
340	0.937556006592153	5.54898592263459	491.534799981565	0.315856547900295	1.30591354753911	49.0459447712714
36	0.859656819723872	1.2312398379361	176.017270874363	0.44582317212075	0.74939488365264	10.9236522437053
61	0.892366084070419	1.46013790247041	543.763071634699	0.27197421564025	1.34228423166021	13.5747438038428
78	0.927202889565668	2.08845214534424	255.95706609018	0.383716233615803	1.04172805327906	18.0657717885985
230	0.837432645488242	3.31159250426262	258.297398477434	0.401309675715891	1.0694686182791	29.7896498129723
56	0.734880046602294	0.99564516347237	298.843899003541	0.359377901852547	1.0611225186951	10.9245734703444
262	0.811669776970634	3.66674646429823	376.089150565271	0.347140872866723	1.22313819012389	32.1928724115132
175	0.531987462633214	2.39561091545224	342.987272911602	0.378112353675784	1.1583254322462	19.5088996131622
181	0.946760658666305	3.75181028885626	437.597020525974	0.309601217542394	1.25216392047295	30.9236843665713
37	0.65821445339019	0.48904418068515	289.929374555672	0.343738694429231	1.04416791069091	7.94594812585311
482	0.937173582813389	7.46960033222168	316.653465040416	0.356287249860005	1.17065773544063	64.2583964987125
151	0.902480684354696	2.55392246097116	545.693457497317	0.322956748288413	1.28372332659067	22.785964862603
508	0.958883683405989	6.3785075334113	502.408811435645	0.313314410646127	1.31668952156811	58.7099069099343
44	0.933954305801603	1.73923607688905	135.54353155117	0.451444197138315	0.774778291001781	14.7945129800156
69	0.633128381710451	0.705293250674214	513.575024661033	0.279333847534197	1.26452562795726	10.8685924073201
62	0.871433634543157	1.22858493175057	341.479947862686	0.343581875993641	1.02511385421269	12.9064578526718
248	0.939362056629947	4.86932276185066	196.166776732781	0.436269551972877	0.908575409710068	41.4386554749279
1215	0.909727334599527	14.0649059170654	325.461375059233	0.356568893423575	1.16835053848695	105.426773077203
451	0.901368345361155	5.9173919116275	338.397593167049	0.35662541274306	1.18450135269199	48.9383033084684
67	0.870265019066719	1.57413429902148	257.154225910164	0.387222582980661	1.03457895958143	14.2030966708722
280	0.939922745396071	5.23126363904246	283.613497583716	0.345775677194362	1.13064234051871	43.7468622180209
427	0.98547966651813	8.48665501700791	377.433220233472	0.322500147895629	1.24901964235762	69.868375684012
976	0.969301046170111	12.3037242125873	438.422487372756	0.334110035543791	1.26431474415047	107.73586255499
106	0.845146406486051	2.03651459362705	385.987187410553	0.332951966316672	1.17963302846803	17.6775464465075
654	0.91411856075593	7.63048758708966	286.198871838836	0.371536161572926	1.11511579057341	72.8820891681081
90	0.714368915489757	1.27149797209046	369.18289971062	0.35857117213847	1.19297620224865	13.7232951438515
4350	0.738469704141432	15.4080464085464	371.719065367035	0.341190888417756	1.23042552559354	145.601745153542
777	0.939365193771903	10.7638182889864	386.716196055813	0.357236587932402	1.22588845882298	83.4327467788524
155	0.940407193725848	3.08940120476448	384.430374446953	0.324513148501451	1.21155759004204	26.2960800336603
191	0.869227661129919	3.5812508657355	257.031765625806	0.403188306155822	1.03493546437253	30.0791604007914
302	0.947106686504144	5.16215049667914	368.580471342711	0.344016626216115	1.22380070869127	43.9758100435869
137	0.850248127850024	2.20160034448241	404.554778199288	0.324392146894073	1.23589333217695	20.5449940256161
325	0.859005374054824	4.36350573689852	497.561538969766	0.313855424106605	1.29392366611115	36.121758660079
148	0.804146781505373	2.38403869319912	395.288318387013	0.353005173753837	1.18632846017744	21.4285600305306
63	0.424641599888741	0.619212663291571	370.3013016859	0.342266432843246	1.22657275423246	9.58608693218155
515	0.901377076670916	6.81306521177465	363.033080900581	0.341416657041657	1.22497153543716	58.1946866536923
89	0.667440790732324	1.76854117823303	285.509077180131	0.426353498195491	1.0264863569432	15.1440254963062
81	0.951562372390653	2.32893744263402	243.204426172945	0.396739645080226	1.02938362790548	19.1634715130409
76	0.898573576583825	1.8798368365685	315.90526612623	0.388142040889621	1.07230734844709	16.6365485306447
83	0.692002047684551	1.79538165656743	465.724173560198	0.308107275898342	1.25544191224841	13.5199280363923
217	0.906083788737675	3.81834711087644	297.822655504568	0.373761931264933	1.11431990931486	34.8647847426857
95	0.75301558885257	1.2948243010687	378.069880764396	0.307095959313439	1.19492843780334	14.2792277861056
128	0.767265194628218	2.17136253199532	357.124905170529	0.330027223365422	1.11916777229503	18.6766662400889
57	0.742014152618993	0.624334183609757	358.932376051822	0.318217239279858	1.1588283386292	10.3790950207603
226	0.945595582452131	3.92262664778134	629.647805290634	0.297082738498132	1.35268252148652	33.0551774065198
2424	0.798137571224449	17.2427458937256	392.923995134002	0.344942888921654	1.23751033872983	134.269993009993
510	0.81557588903148	6.30941914395464	381.628516591333	0.343391306934543	1.19888166509275	51.2924154799161
47	0.925025649731185	1.61681634384004	152.162844496251	0.423573293815508	0.810936193555455	14.025794194454
50	0.876049522004396	1.29372331164209	226.475014396252	0.409214452604545	0.891041179514258	12.0844950325507
1460	0.905541423216997	13.0949527379151	348.592612494482	0.360032776068138	1.19689624332394	112.285113711769
54	0.776885394722369	1.48888858226369	243.391958249614	0.420425476274533	0.934049791624061	12.5658267836325
2022	0.787164997123489	11.7349875021052	376.908499934147	0.357816377171215	1.21325326100375	100.354142101609
99	0.746188561690357	1.13575005455654	493.859044713244	0.337266584600153	1.21752402336589	14.2140843747437
55	0.863300854427481	1.41832428668842	255.959668974534	0.420309266936486	1.00790734489171	12.9769568292229
160	0.779468814420979	2.63651500004655	315.654563938159	0.330930177093223	1.11982859670199	22.9293883122056
361	0.817283941630669	4.29347359542357	489.998861004454	0.327875388021373	1.30579775880343	37.2908141182966
253	0.908631279932334	4.87357220072158	272.440468643986	0.375969268669967	1.0922927557423	38.7409604088629
581	0.417188203151023	5.00282848106881	316.364590491893	0.354678252580851	1.12979301250118	41.2815010695704
2094	0.636148215104321	10.2786870162395	369.00217523867	0.345648955438509	1.23122367447118	88.1627366631985
82	0.722456835014766	1.29644708964934	163.741660306143	0.42317968937263	0.887068599942131	14.1801849689689
85	0.691614379931778	0.813027369404026	513.66299376876	0.292361997791862	1.27207712397891	12.4352217678006
71	0.940852410163822	2.12612030418285	222.829076937832	0.421449040887789	0.950675176377984	18.5434493450677
1296	0.867514487818472	12.2182961021347	395.483101231053	0.337216163098516	1.24724247184934	101.58525283989
58	0.771813742024679	0.776883812628202	329.787933376274	0.315032394893987	1.15498907744208	10.8623020602552
59	0.580115895861076	0.778540302953135	333.683125032742	0.317557583439936	1.14859776924831	10.0244553004414
65	0.869634456507148	1.55030142933173	241.597272219881	0.401412772264397	0.926554477337977	14.3113416272382
97	0.898704570612664	1.76906660958066	442.848257126821	0.329893045383241	1.21002259989842	17.1750009649904
34	0.848702582180702	1.13958218112244	142.54520045007	0.472697301373772	0.719995527840233	10.1135358314681
139	0.595676295698734	2.58802375964037	183.595863366687	0.448004966287955	0.818062231982835	22.4523519256186
193	0.689231993340167	1.68179133511995	544.439303545526	0.300963093488222	1.35305468839798	19.7301368329531
236	0.982317741450625	5.21557599380383	414.440620714734	0.323432473094107	1.23339478821212	43.3149747825231
195	0.956180018905488	3.98393575076031	525.0032579851	0.302925564674372	1.2673605535663	32.0187204662878
176	0.930979290237691	3.06542513792106	413.03699331256	0.316195751903703	1.25552728287284	27.34202193264
385	0.932006837108045	5.84252605464431	436.664762636234	0.316376091494537	1.29211398402536	48.6391479260959
71	0.855010689231537	1.80335617832555	198.24952344265	0.39095185683421	0.971697206026937	15.8701135463738
250	0.947885210840446	4.99176349579417	298.751942564493	0.385705310163204	1.09559523881392	40.4570582585376
287	0.931228159485156	5.00507560548006	389.476189277942	0.350110222531563	1.25096554113803	42.2233884860693
439	0.752123093318684	4.89076701708406	440.957794325233	0.331047234303453	1.28826669311568	40.4530337166567
914	0.780900338607178	7.81036662769321	350.345301074809	0.346884589726484	1.19231326816028	66.3500407623494
269	0.919486828464563	3.99433349370743	427.605982857865	0.320407318161677	1.23014445936118	34.9539288055919
33	0.795504756305204	0.985129243340119	163.388232822347	0.431438127090301	0.681731018484591	9.21282898288088
632	0.773426526606887	7.2838420838698	415.567035356881	0.338868191684709	1.26112297111392	54.1177968846862
55	0.565547862086469	0.443404192994731	360.839641139086	0.331402332335622	1.14307831856631	9.25352068099614
515	0.941976670026365	7.82481643192878	349.713810293028	0.373846194855001	1.19310415717822	69.3559668890144
575	0.963155854684218	8.43828948862354	424.982060034088	0.334828663493424	1.25098048137952	75.3453018179871
248	0.908246306530431	4.55246889597087	266.199106810736	0.387510232783342	1.08814076602295	38.3183481631117
119	0.757157702922799	1.65463432624976	438.451346462472	0.335964602057039	1.25314760498608	16.4820372812219
48	0.915055541582315	1.59177297853989	231.216216642011	0.348707144155193	1.02888528360823	13.9512166887936
731	0.891484318054794	8.11544362957864	316.372449366328	0.350192553170663	1.14458032907187	70.4096323088623
765	0.908894605063673	9.11446712073948	455.477746208474	0.320965414430168	1.30074435480572	74.7142233445722
82	0.805195960723259	1.27551427075907	401.064735493746	0.312600052257096	1.19411106282762	13.7923715183915
80	0.835409983629109	1.33052925786144	316.481450685509	0.386339100679323	1.09447866769083	14.2427713793123
45	0.784223619806095	0.774843224497502	219.748808166217	0.421367609291485	0.974169804306354	9.85842313853192
52	0.761017475810565	0.754526061829121	297.894016583091	0.38096782468375	1.06056681167045	10.2100986894155
198	0.97587540506304	4.95852246477904	370.52702854915	0.332203220262594	1.22031433046403	39.1611178741095
169	0.894260211329133	3.2205571804959	333.828692538782	0.376342561592588	1.15174834114068	28.4970892169593
147	0.865541175744094	2.56334553340317	367.4022090625	0.341568682031394	1.18397805789115	21.8427004105213
275	0.961375730811314	5.12305210393253	495.562347691909	0.304152071586364	1.31092114693967	43.8042653417111
190	0.87302020160157	4.09960187699594	470.309770890184	0.335147672217595	1.26742369815945	30.7007634101993
402	0.926231182434635	5.17571174364011	428.257253488767	0.348398807681771	1.26304028883238	46.832336398751
117	0.915216264340371	2.39555695769394	386.366657778306	0.334208524985727	1.19583712069799	21.2090880831818
89	0.691430983168302	1.41988490671117	362.824013763695	0.356849531697402	1.18549242259774	13.9402592904992
83	0.887414156662873	1.65314634033651	330.027801929828	0.316469074116133	1.15254215826696	15.5338366323719
77	0.623770744805726	0.676667044168	424.63808549683	0.321203738382047	1.23597375405396	11.4061191741097
296	0.896200888584091	4.88078259893029	366.137191534033	0.347907734313105	1.23415504502803	40.7385483500996
459	0.955987110809628	7.6182052413447	397.300916294975	0.332010780732175	1.22737896088162	59.5927244651116
208	0.886094321881242	3.51112222887537	380.915260117659	0.347686052223113	1.23591250081424	32.5109922771546
60	0.765044414777935	0.959389891833235	328.900484246397	0.363932524153113	1.08473857196326	11.3686167660104
54	0.560155635278973	0.46609978968132	375.241461376712	0.312016827687416	1.1499235993217	9.17997497489348
127	0.847648397921599	2.17380350216352	358.300318072984	0.329661180280524	1.21282989834992	19.6517648066601
113	0.602943873219231	1.09705874097627	344.01047106637	0.342963343531077	1.18375395489716	14.2061701949485
218	0.852690308932821	2.83646692622679	601.939125633157	0.296433682697637	1.36366732386127	26.006491691155
124	0.696834740468518	1.9469237183982	418.464368891589	0.373083699540245	1.15544024965857	17.9804201516475
114	0.546063077489315	2.04529381223687	283.807525591745	0.363227320877694	1.12361651190791	16.0033539365085
155	0.781997445308847	1.77573689417191	787.940945215273	0.281755995346259	1.4792912338003	18.9876880623898
87	0.688103167415412	1.32152374956755	340.146309726116	0.369091291987873	1.11709957280843	13.511925117297
135	0.920280932009435	2.47312392548611	473.073895919662	0.328139385130536	1.21523878245871	22.3384549342475
123	0.927351456987716	2.62046032515436	510.658839871243	0.305703252252769	1.36839071419704	22.7714915792631
53	0.762369543602134	0.920129919112815	327.590343474142	0.310069722908598	1.1265704425909	10.6514990033177
98	0.904462745551686	2.30323426239956	313.59482607269	0.338382088243912	1.19870067301185	20.2920160682812
58	0.697240973493592	0.854590494102467	373.928190377751	0.287577910166145	1.30938024437423	10.6557476882174
34	0.510674369221725	0.428528268675068	290.36961457833	0.394961627062468	1.06631897966798	7.21539517139014
63	0.960177081242336	2.35526170376094	213.762263179329	0.32474955482776	1.16971197282875	18.9953865636625
106	0.983512344963791	3.51525581885552	446.661929533651	0.267232149972188	1.2494966691202	28.4798729577402
