s.area	m.eccentricity	s.radius.sd	h.sva.s2	h.idm.s1	h.sen.s1	m.majoraxis
768	0.981902589092915	25.5390088436166	245.72868992287	0.457031418502007	0.737030688607297	232.546657129799
1004	0.990056222592032	26.8077616887044	317.030892537235	0.383557176372721	0.913869174451525	205.460509418263
120487	0.65833179469401	92.655810268402	386.033537013953	0.375409662161835	1.02711321239204	994.875824957811
187	0.982598873774625	8.52761720979298	203.850295445954	0.402076281889366	0.591707044272901	72.2603654381642
126	0.990723410419951	4.62707910141784	413.992041503375	0.365513839631487	0.992122207773107	37.0992776496549
221	0.976618118112017	6.31929996658363	351.580746149338	0.356869880660915	0.980701214236389	47.0257580564402
850	0.948745513579762	16.3002884586899	259.145663919027	0.456759762125325	0.770985583484475	139.968162592427
43	0.988217328495525	2.40625438427774	237.536714852519	0.501545452872886	0.638990677094834	19.5017205872102
829	0.980305033883082	16.9230062699986	327.549139250701	0.381121782604626	0.936165159223264	127.19127705598
54	0.963018253476954	1.96750440874734	271.301407793141	0.363029243610126	0.846285628179229	16.7755548696886
31	0.383448117686092	0.615847472144478	469.033496715356	0.36697085505909	1.0080275620203	6.8865084477349
1090	0.95888255856022	13.2124479092191	565.447224646872	0.306469636984063	1.21498604769791	100.325960886854
113	0.846391714984154	1.95706055670867	453.103693231325	0.32035193115407	1.11489400092703	18.44032385905
300	0.925599277588739	5.68797358832052	349.854060102747	0.3725067815937	0.999759523904166	49.2289409067705
627	0.988378224603289	13.5110686903776	560.101758093658	0.325521196582805	1.19479257741512	104.971605175686
77	0.977171088295305	2.92794918270917	264.717532170326	0.400296908673379	0.775273290124898	24.5208638573462
98	0.941903031793668	3.30511626368902	240.90905765018	0.509487177971761	0.656260706495803	29.1109770503498
111	0.978461551208532	4.36193681962534	249.468408062715	0.411775232190245	0.771153553527847	35.3201200080343
59	0.967059345144463	2.38616451383321	243.101659013459	0.395240379698584	0.699190934160791	20.0265416763259
132	0.99026587495329	5.29136129161369	297.953044193916	0.395923400063273	0.804153021273366	43.3278359237877
65	0.987932292274064	3.35879043026685	172.24316644892	0.440948210780613	0.573880339183858	26.4015336005498
99	0.989753474590858	4.43774947838892	229.806689258969	0.460752479097803	0.609235812839369	38.2935720584418
46	0.893609731955224	1.19207207216862	305.662372103076	0.423090654973008	0.855171799648138	11.7242066092188
253	0.995311556524919	12.1096057427671	208.547413814918	0.462265989288664	0.65988152353073	99.8754943673831
65	0.993259485539295	3.51756994541141	216.77015174922	0.489189189189189	0.577738088226769	28.6734293632963
65	0.992835362839096	3.75098615207865	187.08541236626	0.552460553038588	0.538604875041216	31.1738335233145
195	0.999313805891446	10.8495242382592	219.362667165029	0.49460312821472	0.557322528018884	86.6642312971979
34	0.80813839026786	0.759063988532072	300.172454318102	0.381982764988007	0.879581686842332	8.92175215339146
61	0.987857102800699	3.32973653912952	185.395542511032	0.539898173164142	0.562189418934353	26.8163150257844
159	0.997922279522541	8.30753398030081	222.774977957105	0.463494731066308	0.617594895370279	67.9593911634293
232	0.969503031412869	7.03949288220665	350.203284603075	0.420882292051338	0.948179525038391	54.6517633250189
79	0.910378408979473	1.99858546532203	441.926627524384	0.344304934056883	1.01611710132109	17.702031599674
73	0.989938001474233	3.47711802065067	246.243119541004	0.442528586278586	0.630127370327998	27.1660622182198
176	0.987620263651665	8.06601054162071	252.988643315231	0.453890916426813	0.707748359498872	64.5687218141283
38	0.982384211203767	2.01332337541954	206.284307587142	0.515921862456516	0.500529145411043	16.0798246188838
258	0.986863358771902	8.85385908337188	487.744798092546	0.370392295462884	1.07270135355981	73.6817451551081
83	0.984608459135997	3.43822052538481	250.467441458565	0.38923349350896	0.826746046413742	28.2473698068358
185	0.996958681429448	8.77804590775528	238.531103566229	0.476554801152324	0.701552046485416	73.260582141168
93	0.981816252161315	3.77555292224444	276.58106759983	0.424316102937829	0.856917467673178	33.5928311328914
55	0.973088127206512	2.68235277055641	227.7839265918	0.485052399338114	0.560599394538865	23.0071223208275
42	0.995563481064767	3.09032289282835	152.646383024293	0.667	0.372227619338873	24.5375017764835
67	0.951432695574887	2.77741856524598	273.73713693535	0.496993316075546	0.751329419339885	20.9544877089694
32	0.959000126640242	1.40470265081272	191.991899502768	0.427148496811418	0.543359254451134	12.2308690675507
204	0.994313913349578	7.43827729860569	287.960910350249	0.413269381957165	0.834957861473766	60.9985521836842
49	0.850556701247875	1.2318779898213	347.603578951485	0.364326003831886	0.899520998238917	11.6514832301407
149	0.996172656520703	6.69939852093753	261.352124382411	0.43829187215127	0.773821983545606	51.6380460704708
44	0.8655651095686	1.80244571424731	202.371800371005	0.55149359886202	0.558892676113444	14.476607165614
249	0.94758298328147	4.5834447385764	602.926281256919	0.307012119605798	1.19977794280706	40.2714190326963
33	0.969129730137169	1.56751695217983	239.670904626355	0.48813160987074	0.509583961183803	13.0118339308398
53	0.874666943483547	1.47640954713898	324.108878002347	0.384259152330634	0.865577513439244	13.1328515678451
1085	0.950508644249314	13.7361554321377	376.326786701329	0.358703239288883	1.01933337024812	109.762696707898
98	0.995515384468047	5.80974985964111	196.310551097795	0.530766198988073	0.53070941803975	47.1173631872897
57	0.944009107310288	2.16560454988306	274.700110012462	0.45670926073132	0.716437524079841	18.7441198778852
113	0.996659327410508	5.77277909861906	196.221648403052	0.469130977130977	0.547462164545574	44.9175495852517
86	0.980662550978863	3.96889729539844	218.489791851632	0.512980381669666	0.697308386663934	34.0874100110635
105	0.876385852265362	2.72620219574812	322.041170784386	0.432838160614438	0.77491563130875	25.318352690034
96	0.974712601257774	4.12076235050944	206.282427228948	0.52906200317965	0.540269345740666	34.0436753023051
166	0.993153361164454	7.2103631344835	267.139780792509	0.440470441680253	0.797860266160926	56.0291709500358
69	0.976696451181176	2.4914412574824	291.185541514007	0.371367699553049	0.857239430851309	20.6816907551859
35	0.943164493855837	1.29002454906761	204.771566204654	0.411881188118812	0.64646073714016	11.6475404557081
34	0.980245055882878	1.74925295277212	172.924830501936	0.506274131274131	0.434267359790403	14.9647996247006
68	0.968613823548804	2.90805041571	262.741971670329	0.507693942573199	0.76803210608478	23.45457399564
45	0.984298190975419	2.52975914679725	191.682240936836	0.637202451320098	0.55635230143467	20.5475887436845
105	0.994972469610024	5.82164094520384	208.128345087154	0.547687476208603	0.487944303591375	46.9973740383859
44	0.864444403257802	1.04443716962747	378.483220182841	0.357429683076742	0.96602016043553	10.8166593875649
41	0.979622660060581	2.09662191452834	185.101967559546	0.494010226442659	0.48612018700904	17.4891934378207
132	0.963147679459392	3.74801016192472	475.580276032412	0.327220966099215	1.12101105434357	28.034159459071
51	0.983353483335408	2.66801496552145	163.859332354994	0.591351351351351	0.505534682391128	21.9750902761393
61	0.776403762534624	1.22950286098385	374.991804351203	0.401201072546504	0.964371217036131	12.183159622984
63	0.929288072690559	2.46896171938402	243.292274924513	0.575724815724816	0.587574426161352	21.2697456018481
41	0.911564882815965	1.26779694733863	304.636679424585	0.425923566100037	0.78763458101038	11.933818414428
64	0.930074927196619	2.89908738344691	181.645042767025	0.507422185871693	0.635290330709526	22.2533741761007
40	0.952404326926402	1.6775812589303	179.843365045734	0.48963144963145	0.552100603177127	14.9768531102256
43	0.986970442327849	2.52151601369264	216.603944586231	0.506045519203414	0.530083311044064	19.9633302251957
42	0.708057244703493	0.61528568977642	364.999516795712	0.340228953631668	0.974239323609028	8.82021200709166
86	0.884092047331966	2.36420426164909	285.19103653372	0.395701211090718	0.796583646486046	21.8813125589155
31	0.895269899278929	1.4474368636679	261.777133990733	0.63014553014553	0.537063660956564	11.9549080588176
1252	0.966440104706489	21.0917027219316	329.113177665495	0.381118675259414	0.959800885324907	172.836241917292
47	0.992190852673027	2.82564971963206	195.41128555036	0.603043379513968	0.419263947303095	22.4597854602019
45	0.91461413049473	1.67077201364318	229.647115679316	0.434906250788604	0.688956677971472	14.4201714636206
38	0.9776656701837	1.98360191331893	185.272632428046	0.502675943270003	0.51436162935017	15.9706253024911
39	0.883083313599499	1.1617941498335	314.439031927546	0.364622890951491	0.903658890791617	10.7803100440836
53	0.972022973163216	2.28297597963135	245.569176934126	0.442803716081027	0.71239314103495	18.2264200309706
33	0.983958660276735	1.95448425725493	193.620258482892	0.519236883942766	0.48259033429294	15.7964528654507
38	0.852181478055079	1.38043707991577	296.094349264307	0.456913619501855	0.693582629874376	11.6792488559934
35	0.991386325672338	2.34377566415654	180.044020875351	0.7	0.363548882725489	18.9033932633882
254	0.995742784172998	8.92865638870435	321.152235335005	0.379963195107222	0.952303880067769	71.3767820224108
32	0.60632666175623	0.537346200366197	303.945322072062	0.359696478569544	0.910720285125394	7.35793047549966
106	0.911640933785727	3.62937610046858	260.947962161041	0.451184991607607	0.807582096488848	28.7989967581768
44	0.829113875583102	1.47721853629309	251.732048950837	0.483101201490787	0.725396525045961	12.2430398352531
43	0.96633300139131	1.96421459090128	243.792409064185	0.466295707472178	0.535221286374979	16.6399164558371
81	0.989247857122606	3.65822916233375	240.376658521249	0.434805883041177	0.654439974697898	30.1725292207736
58	0.88242683246205	1.4338324040498	461.410082381427	0.374819878548692	1.01013672882533	13.5504273865294
81	0.978446567824871	3.2740749169236	377.232190147117	0.395468953116012	0.888085328816912	25.7549323028183
33	0.965586152905344	1.57665216276496	209.831969995377	0.484542969936228	0.59324874814981	13.0693451927453
151	0.927402017054469	4.73673436524598	240.036060269078	0.417275718547364	0.763782484344905	45.7649133240502
142	0.916824505411661	5.21709441126437	266.204132803441	0.520467469732176	0.713513539022802	41.1830259880528
32	0.781748019711397	1.0996483392401	278.344484339657	0.46147945456769	0.816742610368096	9.17339317892067
108	0.980900863666265	4.57422206442482	254.644335171174	0.482137097818263	0.725346119406818	35.3350190728854
299	0.943753516830165	5.98191312342786	575.505900731012	0.368721726165945	1.14876733262151	57.8878236596712
43	0.978554428050463	2.24472393874065	270.840782877067	0.423750298971538	0.573281160352777	18.4839574439586
57	0.887430361014469	1.92293820464994	404.716250627654	0.400314549468744	0.883198195534517	15.2821349688212
204	0.989344090046159	8.15764305314848	311.260453335804	0.399789629928038	0.850105020287215	68.8026246285763
126	0.996343738731325	6.09046487066847	231.766322372828	0.457518994457571	0.674024165372458	49.890560112405
49	0.992592313695517	2.95942182442851	193.069665957755	0.58996138996139	0.428318779623153	23.088797156593
32	0.984869281813039	1.94791642278216	210.115620357841	0.595	0.383424240450245	15.7919389397145
81	0.995593318563096	4.50058345121748	180.340048498938	0.515724815724816	0.571878464676944	35.4189482209302
71	0.534647829151572	2.09298039859594	192.214795979281	0.540481750132485	0.644318185555439	16.1107940363161
46	0.954863235256434	1.74558428076131	306.999834909658	0.345214328631208	0.948763056484743	14.9357457522916
32	0.976962714723406	1.67421930131354	144	0.572007722007722	0.515376761073082	13.8339319495889
62	0.87597364341949	1.89834016175139	343.44346697536	0.437802900445138	0.870483286108846	15.4618510921447
34	0.979234934710434	1.83532448660455	176.462809175362	0.535626535626536	0.466135742449882	15.1480059583737
45	0.942932966120764	1.64002279208973	258.482441398915	0.395823577588283	0.783164184551142	14.0038852217134
32	0.982826266176295	2.15858913390116	227.643651982922	0.598002857660341	0.618795989800999	16.8827851820337
61	0.916780175704459	1.97032748283356	318.681807963038	0.386417456705181	0.909379435734509	15.8791566438075
40	0.769776039336263	0.580330459855993	408.800188855492	0.31289945945946	0.995593963881669	8.89466135011892
38	0.986765210212033	2.16218800293273	188.694110318701	0.568550368550368	0.507146419574727	17.1646211209144
67	0.984860363322762	2.87628221388566	267.696214402608	0.382013993689121	0.646002189904325	23.2992842825394
58	0.879258898070297	1.64566628987078	255.820702473505	0.450291342508537	0.809137806702108	14.3109033625402
51	0.910244953669819	1.81203269044739	242.28037876392	0.488538032647395	0.755097508160279	15.2761599665183
70	0.971118550887925	2.76624285156387	220.856422965315	0.429686109402338	0.688541743475933	22.8060211831968
55	0.986863615219017	2.76929483609085	184.879164817365	0.46070412517781	0.584368080442609	21.9398674894834
35	0.985749279124407	2.1883554747243	160.529147327209	0.654426840633737	0.437327725516432	17.9836827500431
258	0.992007126183329	10.1599664879348	302.410817794773	0.440285346857038	0.861767303379383	72.4689944422839
100	0.986744633877378	3.88196275492569	284.457599050266	0.413040944512497	0.813268014903703	32.1756199988506
269	0.976637193576516	8.05789654204147	269.504985211789	0.425119966303902	0.762089489852283	61.4219581909148
116	0.992115242713181	4.9526276413778	278.917123194337	0.40200714804546	0.811936137624302	41.1742767547987
39	0.933131387097244	1.35235238142129	280.196541467023	0.483800817624347	0.78471232743546	12.3010953282464
31	0.940068153625634	1.29303817686673	282.799440947059	0.430923947203017	0.619252195303001	11.0779767501691
65	0.976193772114263	2.68202772806644	394.088632527856	0.289092158572235	1.06313396993065	20.9368594922326
302	0.823091702430457	6.38570777246824	295.392383965774	0.398608267596298	0.883544845398721	56.2211413097183
41	0.992967081589842	2.65895513005713	144	0.707621621621622	0.380101721465383	21.7944580429877
94	0.952019898596517	3.92095471003311	181.317349465824	0.541023166023166	0.559926269719256	36.7587196864487
70	0.98670217373166	3.44586197093331	286.237573164164	0.460031498526572	0.749254450951536	25.7164623305981
76	0.570605090706011	2.25410751124372	236.176427499061	0.403705008665263	0.68769559283443	15.8113628127195
34	0.890738116691177	1.06982650922744	290.500464735389	0.416557392686804	0.764843296198136	10.069969066863
33	0.957033376711256	1.58497073364038	181.024104000325	0.559674447174447	0.564470136951075	13.1864316544608
32	0.89051277993502	0.952394979322406	245.447681234419	0.396208958318933	0.790218174286687	9.90523246268495
41	0.978494856189028	2.31221445912247	233.941795603678	0.520764033264033	0.537987015863974	17.9174944574874
46	0.855858318332326	1.4476668156626	324.959674519086	0.401818814289402	0.894091999899086	12.123303208044
85	0.995425250508935	5.01604167911292	222.780767523519	0.550375044648172	0.462954790974382	39.6107938633008
61	0.975158107480849	2.71211344496351	231.31591926627	0.482406247077527	0.657724645370237	21.9310314043591
42	0.992501189492823	2.65494150398692	190.661615763584	0.579439252336449	0.407541725911568	21.1615798380643
31	0.974295702967254	1.76383555099676	187.707432039656	0.590540540540541	0.448533838010156	14.3191148933907
89	0.915519098192401	2.23298153213247	307.712197662356	0.383509607136353	0.9116621358552	19.3148010704487
139	0.934469163324438	4.1787066011692	333.130660556106	0.434999998512236	0.872860996267302	34.6944559888029
130	0.991341408081684	5.7024365003232	277.179755432683	0.403284436073509	0.734156977412833	44.2693151834123
72	0.994816219213897	4.15749783814392	200.779522700779	0.530852390852391	0.509145684749546	32.4967644145687
43	0.882716517292128	1.07402741437281	328.346931091325	0.361274230138799	0.883455796259206	11.0678743834198
33	0.957365982841032	1.71029253641722	179.121626197759	0.585907335907336	0.519123084951136	14.2603194774119
276	0.99004339307835	10.9257400669231	260.963706148587	0.507630541281813	0.75752362741286	97.6491314934894
58	0.965345030527808	2.49496416798747	301.009513467405	0.423210061721756	0.827863822462718	19.1013580606319
39	0.922717693121621	1.40643641850119	206.697686895726	0.355629247154494	0.734783970432322	12.1203360589399
47	0.973203467101197	2.46918219558089	238.124098638085	0.601700843415699	0.645867171636735	19.6860697200629
120	0.884025619845734	3.08656930969014	270.07257264472	0.46903935030474	0.75662967090517	26.2400528982045
82	0.991923617800813	4.39961065880676	232.713274475502	0.48017128637589	0.685511254615751	34.3963751956409
64	0.99215622060897	3.72649939773893	228.38996163193	0.532849505852602	0.672299815560069	28.9818761458124
215	0.998319244076037	9.2077751373915	267.953754464776	0.380446760267299	0.800239764993757	71.8052267745652
100	0.994246596020392	5.68405559486498	187.854892433427	0.540024293956878	0.515611844900489	46.8169755061708
32	0.975238024579287	1.67729102867381	200.458199230106	0.587951807228916	0.417308823893965	14.0045017052367
73	0.987282997099494	3.31023747857918	274.893765336113	0.416417464531813	0.790126962034338	26.4715759654824
122	0.978040763380507	4.56533364397375	404.328135588388	0.401083087624643	0.960012735059454	36.6760800687458
135	0.998152135029161	7.10645733264814	218.579659365566	0.472213612408147	0.62268317551965	58.3959779714043
125	0.995684989571745	6.79100316469951	188.539991862622	0.47808154975785	0.571610287790976	52.7358484899782
37	0.735505269140665	0.497852050951056	408.863058462788	0.33244829878078	0.989136973092394	8.29994251480406
64	0.945202397653539	2.84296818720665	228.05094228055	0.553316953316953	0.60607371600163	22.783795196762
144	0.989507614722818	6.22536188664382	248.398256247847	0.471827984246602	0.804723668974474	50.810666715156
44	0.96618964707067	2.08376813963594	175.618863029075	0.444594594594595	0.554007147531161	17.1796429806552
98	0.995160670594535	4.76556146386747	227.683069150726	0.43127825334231	0.619762865558026	39.0187532171368
145	0.995626590813554	7.50954681802484	198.539032044963	0.540936889479471	0.611015372860851	62.5525311854923
156	0.826172942865304	3.51401152923173	273.287063324588	0.414493028283445	0.736447805801061	32.0964172238245
42	0.798797015331293	0.913133670487218	351.425416392711	0.339403968448086	0.951748396239995	9.74425063944142
36	0.926085738627536	1.36669254782583	286.530041585941	0.453514149443561	0.775869024768062	11.865714163215
31	0.938445312862152	1.19149299942395	259.738330515389	0.410065237651445	0.649438380030534	10.8442493232603
222	0.969959161333919	6.76850329839474	300.217260054292	0.465897995767691	0.720181753282535	53.7683340110332
41	0.971427421977237	1.8989489135527	210.833925129224	0.459317211948791	0.539125944770526	16.2150848466122
475	0.957772358342979	8.27455677062384	349.178126750955	0.378439550644526	0.9128014874	76.3542591508024
50	0.959840222071266	2.49484967679094	204.070088290022	0.57178169637981	0.54136922617301	20.4286407516025
92	0.788459405736012	2.39246326792882	278.35848075423	0.455444134979739	0.796903283965749	18.2441238478332
38	0.958586374385216	1.79104813102711	202.141276263554	0.505375461126461	0.652651054744394	15.0911667452153
50	0.970454673524485	2.19378487494481	248.581779549064	0.43381897922263	0.767031219688313	18.127349723247
37	0.881155441927652	1.1073917425511	261.893450604642	0.412666515254751	0.72857222030966	10.8831739722001
34	0.975947496616939	1.76394931799978	150.599781061468	0.500540540540541	0.5481647358636	14.6628717572279
95	0.975197318967752	3.47571613240149	283.325086040271	0.414015882639162	0.859570924289323	28.032584461544
54	0.954889039337771	2.18871330411768	207.683486606235	0.404024349426826	0.710004325801323	17.8389977955726
99	0.986362526102712	4.2528758749325	260.508682362064	0.390721602570342	0.754521150088648	33.3677800714702
37	0.799131642379832	1.22792939055885	295.932015300744	0.489800804264472	0.775017824836118	10.5666928686323
61	0.98301688773841	2.61545640085179	285.474060980397	0.361281506225327	0.614062827777682	21.3301843890996
54	0.908059184493726	2.0508223103127	313.956485497655	0.458684000592844	0.802844132905705	16.9888597541491
41	0.961944087849214	1.94802044193297	194.614577152458	0.499454500371932	0.61035652643633	15.7432635860239
81	0.978455193991637	3.42421102115212	283.870441976066	0.448786877567854	0.8428696992461	25.4938115678999
391	0.996282887918702	12.4346428067707	459.412913628065	0.35068890767894	1.07734081599652	101.070311020749
84	0.980636429224956	3.4343592822941	254.829267482152	0.455570462858842	0.760255267316559	28.7561149395407
52	0.914539227707281	1.56704023380619	192.97311218945	0.489016676250719	0.561014658622729	14.7360343556277
114	0.994987218360398	5.42243312590698	231.702403215158	0.43483215115568	0.708281128017857	45.0616366737726
74	0.9875590366408	3.3961922166399	242.477889885941	0.442595848110554	0.745017103118458	28.3122677610827
425	0.859178018058785	11.039838565324	266.364182677831	0.490666517482229	0.77691259015275	89.2144275634078
1375	0.915459417477588	18.8708227671057	261.220602587415	0.415114736856491	0.84073275697032	155.141760573159
135	0.991903659596485	5.27013719913555	309.120821169043	0.398156752097929	0.891599791030247	39.2278184474599
39	0.890145817371552	1.29123957316343	240.329888748052	0.410499375425846	0.723786275864192	11.5670382362727
59	0.977224129649548	2.82435508907419	273.776893203131	0.463663663663664	0.582562856204769	22.0453122996228
84	0.985779902302217	3.680736568613	225.080416823283	0.454844480800058	0.727825196097733	29.260615919526
143	0.99557344786878	6.77718124964725	266.979089476059	0.431005710154279	0.64096598072278	53.970798276167
41	0.809797815079882	1.56895878797086	176.462809175362	0.634662818157964	0.485229036566628	13.054485142053
59	0.982630710429039	3.12205418582726	241.974337676209	0.624754690996729	0.519358822696181	24.7738610821926
137	0.769037237397126	3.49296019510365	277.665748229863	0.438394074315643	0.797785603819764	28.7824603798206
108	0.974173771266433	4.93309819821281	206.711155869047	0.464919223241879	0.617499997546933	40.619005307692
61	0.984154677721888	2.88627869026669	260.403656584446	0.450934848095091	0.765066692860024	23.3007795913658
56	0.949324687191709	2.57336013404099	255.618906243184	0.558693184809274	0.691712340790805	20.2798293280725
93	0.990221665677764	4.90796108427033	177.643666807834	0.543023221662485	0.627875163422452	40.2806010615832
48	0.993375890285488	2.96173852914935	174.167430262775	0.561157024793388	0.434958167472332	23.321989214394
37	0.980422086442216	1.98411041226432	176.462809175362	0.560156032320981	0.474687177764326	16.1298199261842
36	0.847453477888587	0.804149101494809	406.587817097237	0.33514473915985	0.908929873143349	9.34491457569927
34	0.901950351699595	1.06104096806154	303.537875950396	0.419864784570667	0.83073470708716	10.3511696268321
31	0.98890461004536	2.06923819151376	195.119570711039	0.597368421052632	0.386226789759797	16.7124407757951
77	0.996119097736364	4.65822143603611	172.110344600484	0.56764705882353	0.428750180846967	37.1861858285668
41	0.987968474116546	2.38561572826052	195.119570711039	0.598332339692634	0.52998863661702	19.076968673427
270	0.996008977111301	11.1079717395823	251.080457036702	0.413956938221644	0.756295492104519	86.322337823635
44	0.759514698877708	0.931590136844076	305.652365033599	0.448814172480383	0.88189411334833	9.97966487595682
78	0.994367656652517	4.07635821258601	221.141155833423	0.510585585585586	0.586926292728103	31.6896349903554
113	0.971115806099479	4.39225615136608	232.209530314436	0.387283144020633	0.787452430265367	34.3926322574473
71	0.990789329862389	3.54822545125912	237.259428410317	0.466461916461916	0.551487159531652	27.7196250302367
33	0.981477311582835	1.82076325071218	160.529147327209	0.518604651162791	0.401052178458394	14.8374980056573
103	0.940073037849709	3.84507392241503	279.506231709326	0.45013732247842	0.786256823998857	28.5697343596527
40	0.981105854505986	1.99812854543279	164.140733153618	0.463972229109844	0.564493352106652	16.340012004628
64	0.983660994107194	3.04837868248328	262.563315432225	0.573902871196989	0.738354939963713	23.2858418491077
64	0.992349481608513	3.77317746558765	194.083712101774	0.541723972493203	0.51901305523699	30.1738648355946
54	0.979991446195231	2.50428645528413	263.801687107326	0.482619574591893	0.663269162210891	20.3414583617306
79	0.97871017554515	3.10653948896159	278.470679170162	0.433825883444667	0.825593553157211	25.3528886231268
139	0.998346982859587	7.75948717780466	199.576014681574	0.508699992868858	0.546352584914045	61.4402313424573
59	0.967400515297812	2.65927522125242	224.843503217245	0.510292449312057	0.666347505797161	20.7660047212299
31	0.985240745982119	1.87662749059063	247.137024866424	0.53875	0.426841455244046	15.5287629814071
37	0.958058055450313	1.82815324671963	229.523944734484	0.579138513513514	0.5638098882768	15.1993491677941
44	0.930680851423074	1.53811526694215	253.234124948354	0.410183783783784	0.65488288703138	13.6116874930482
519	0.987042061324945	19.2261197314545	270.151229790241	0.432397713224443	0.78866718633312	145.824513272869
31	0.990150953960627	2.09902982332549	163.889116718535	0.704109589041096	0.275039603648186	16.9767872880491
31	0.926569333649428	1.3494180995323	236.416479186856	0.497702702702703	0.560116492211234	12.1398369619983
148	0.992104338877854	7.3236208624849	218.858010301763	0.491933553657546	0.582262096087119	60.8324605707001
36	0.919899330255044	1.68281774861973	217.117284363803	0.471926765475153	0.552638350760572	14.2359020705637
83	0.95997875696134	3.14511232157342	396.605608706687	0.419713792187215	0.964917607945673	24.3547154931848
53	0.850394555790588	1.54935345022456	357.810742058742	0.389573549149126	0.817373785690038	13.4510442448521
153	0.978758271616389	5.80276332971756	282.402846326545	0.377751789175798	0.869741997156995	47.1129400243662
234	0.938604629140574	5.41605435916092	356.638770828046	0.393472649005039	0.94410953046134	46.2128986888128
63	0.967192421723165	2.40069663020499	261.330187159804	0.490244321400508	0.715133783011113	20.3758287292929
54	0.990420649712788	3.02404377289957	202.830358744074	0.596522396522396	0.559762382384896	25.1335945471048
31	0.978270994002577	1.87928015529944	227.200442007571	0.587118287118287	0.479847112640289	15.1950905783127
43	0.992972496887605	2.8264490324059	144	0.844230769230769	0.200093224887181	23.6572186088346
45	0.839312256610342	1.24087554453382	343.042682001414	0.363150445643861	0.84813500559744	11.3546055666024
173	0.963536502976748	5.31843615710704	260.509424402021	0.390748890791244	0.820320298078008	42.5732433297989
31	0.988649108868957	2.23028253206533	158.082057162174	0.733802816901408	0.31508588991952	17.6273023420929
39	0.81207508866208	0.867410110131101	359.464321369306	0.39936231393245	0.905127149066582	9.48472073295671
432	0.978148887215096	9.87960219661605	361.518858987162	0.39065175065175	0.987656609944392	84.1269204434479
39	0.948503078590609	1.69829645778817	193.1738954066	0.464864864864865	0.580651831921288	14.2195791441048
38	0.884982997948683	1.14982669463139	216.672196107124	0.398861214155332	0.723078883376697	11.0661036950934
160	0.996056335001561	7.20029145715837	261.502335712218	0.450313973548016	0.753998702236171	57.2498624992117
116	0.934788170049736	2.66205468481788	391.941131386469	0.367950117171103	1.03333150299738	22.6576279136823
56	0.994961915211591	3.46437936955513	175.252124999372	0.676931861438904	0.41290778488673	27.9846214942895
31	0.949310061883415	1.34881471973621	195.41128555036	0.425945945945946	0.578979169881687	11.6465407977082
140	0.992369763976281	5.36950173080743	278.284908616372	0.363907283411927	0.8434285198153	42.7908033754854
160	0.706545585121992	2.67440402653145	326.96522266409	0.406856837176025	0.880962607391483	27.6570746374461
38	0.971850876360807	1.88718551790214	176.462809175362	0.519351351351351	0.485092404396365	15.7652271680142
70	0.905892292187699	2.33404011896636	251.414781771951	0.473120031796502	0.737195240627111	20.2636777710009
125	0.979003340263252	4.80614999313715	261.151441390331	0.416438115211582	0.765713159808954	38.793653890319
40	0.814057232311062	0.889986047780275	356.910291528061	0.395086767763238	0.856656067295527	9.71549900156536
141	0.77287630381707	3.54348698687799	393.700910559616	0.387096456932522	0.878711096201906	25.0718955346372
35	0.929911489991952	1.24225885655598	252.913312718811	0.438913881849234	0.813678916360299	11.2762276025719
60	0.588968051012757	0.57654423735941	547.904941219539	0.312724872453379	1.17175865854412	9.86177886705199
85	0.965468562961805	2.80557334155566	300.13506575635	0.423767967062085	0.883475985801389	22.7944429762582
107	0.986015440862947	4.30482280467241	274.116691598713	0.363429930543729	0.834463970062875	34.1264551554336
38	0.74504733702887	1.15660509263076	342.987764897426	0.471290158082611	0.641538051024317	10.0648715538175
172	0.797975017567163	4.65692996187056	207.026657749774	0.437614555732203	0.690238504763829	42.2565076150905
34	0.964486090308874	1.62595532270663	187.910471830318	0.455448997384481	0.623720865377552	13.7764339748505
90	0.981627700925624	3.8626854465614	310.064090362424	0.453107422519187	0.832050730073321	31.2213566087358
227	0.981949257425049	7.86838815017277	274.246597892656	0.445139347492289	0.807696355707722	61.8351406452516
342	0.984612118275293	8.76209815398521	367.809219884531	0.377760099391458	0.988607767284368	68.9117723225898
56	0.942353321234941	1.86844702562135	266.213010193375	0.388114947797935	0.848099668765652	16.526418129868
148	0.898600065901803	3.10977064881394	325.017977796658	0.388850143224333	0.922996340221435	28.7153316743986
94	0.957049567354926	3.46745875336472	265.916746065689	0.422579996431989	0.75110600430482	30.2105628907571
131	0.994678636999083	5.76419528630245	250.370203412241	0.448759704361514	0.717208893907873	46.4365022338559
35	0.988945256403672	2.16957557335391	168.769099983761	0.601863932898416	0.427669099664069	18.1387441546376
44	0.873762912424386	2.03031533804655	162.684235589895	0.65995085995086	0.415375931907175	16.5875941231146
38	0.97929605620154	2.13624173301118	203.913749350654	0.576658476658477	0.556653339470691	16.6322171373961
106	0.954062075814516	3.88701455653378	268.561314807743	0.41712025587237	0.833497528807049	34.1682482799518
135	0.997026832975755	6.45134037789729	258.740609109311	0.425893622587591	0.699331298909061	51.4384808853522
71	0.851825303593302	2.26938583053922	296.895104593076	0.477049932407643	0.873537172830483	18.3572816203423
146	0.995577252542705	6.15591717120812	229.577814547111	0.407766675961772	0.746970907380088	50.7594590338116
33	0.986226531105986	2.00399939518123	158.082057162174	0.674698795180723	0.328695241606043	16.3410790212065
188	0.992899193377972	6.80268083450241	306.089035835118	0.377606626850324	0.863250554793594	53.2017518601211
71	0.87624700795552	1.89598732060756	271.841038200798	0.400032846386898	0.851540457487766	16.3309887768072
182	0.996828550642446	8.9210994392601	183.392391066413	0.501745267534741	0.549153963022708	74.4241676050426
68	0.900825606129556	2.53713863936672	345.381627862656	0.490202824680118	0.835323056508832	20.0916345616183
599	0.966992171651572	14.1023831983913	333.701287577693	0.369466921903897	0.970771967742219	110.157375934064
60	0.990751444612911	3.18807508746214	231.650867785243	0.472657528403583	0.65047299487881	25.730004843437
35	0.828439741465096	0.777237967440328	329.148586266862	0.364285213461684	0.912966392355948	9.00391219382037
51	0.954147452806465	1.97017662436676	234.799460024334	0.403944914708031	0.773986790203184	16.2571202290748
224	0.987308466906666	7.33579731452413	369.301337293472	0.342788617407873	1.04455537114268	55.8252976634374
95	0.995120255807258	4.8529786262742	237.004522122545	0.451395630925043	0.678657327216097	37.4707410305585
87	0.990744334095913	3.7466737164214	257.866837753713	0.415977985169723	0.769000875923687	29.2565264377024
266	0.974820988873097	7.27929516274671	355.329337995952	0.401816240764439	0.971262615841208	64.5965771183742
251	0.997942833261471	11.3278930720355	269.440709003644	0.417118830787309	0.753203581827549	89.7668176923141
36	0.749638739444802	0.811297324776662	445.719165059776	0.349299299299299	0.948791967725702	8.66961509966272
107	0.992260018339604	5.19065063079841	207.640133226308	0.429210317809666	0.616789631637495	40.184504791567
80	0.946675740907144	2.74223114782216	230.457257396497	0.415670598923194	0.792652902556364	22.5592861939428
89	0.978378089772529	3.97048348594675	243.776748656893	0.436951252369451	0.768185956932885	31.5611711745674
44	0.971642713103734	2.098279195985	258.21285733794	0.444740499512795	0.676617014044402	16.503778842696
106	0.983324358616664	3.98141678692623	229.8396393433	0.375082834346166	0.756694356303623	31.6478377980979
244	0.899573254966872	6.39744130637008	294.153643153669	0.392387885198167	0.880495299378928	49.9871770206892
386	0.985709030764081	9.97160333117036	336.790238034658	0.355246332116273	0.944129243534236	79.8584951205153
322	0.992718687808542	8.26442624134985	583.625726210083	0.304524279936045	1.25308200698338	64.872105096901
56	0.983151498507707	2.49410213612617	249.855516336747	0.44131288150896	0.743294353607003	20.1993787964345
34	0.950351632874694	1.37283927467013	261.704182356699	0.413829135637185	0.73025818762237	11.9010393680895
67	0.978274009759759	2.79925052272609	246.822365716325	0.37704966698099	0.780114474109582	22.9757279158573
78	0.904588600853586	2.09955828549986	362.232908636584	0.385595837919367	0.936221628603871	18.1315609287372
107	0.903243187623613	2.76906228961376	425.325069088467	0.353066411964402	1.00101171116949	25.2318876972078
73	0.805141273746179	1.22633443121946	580.644262892337	0.291479486195511	1.20291388162774	13.2190253202924
47	0.97768501841217	2.36173674425573	211.871889386124	0.503082758534357	0.609598795603563	19.9436984761818
44	0.968575381753319	1.83506963853262	264.800097206246	0.416493456263901	0.731859289519947	15.6124241088236
49	0.823560022468536	1.11829404809297	360.811634826904	0.409496011848953	0.985867014573507	11.4452615949984
33	0.947523630708574	1.31536833538381	280.999440947059	0.441754048812872	0.704454450760584	11.7912054176501
41	0.975186175527528	1.97851796540586	222.392290424417	0.501793611793612	0.594473035068765	16.4456991487571
