1 -0.576779843418848
2 -0.857793041783042
3 0.991433323685734
4 1.13780962730687
5 0.250663045023166
6 -0.0669674231575949
7 -0.0340128489151434
8 0.404988057928042
9 -0.0743530734377848
10 0.341918778784948
11 1.12394999261379
12 1.06208800945768
13 0.494952809286941
14 0.552855561374591
15 0.535836324114887
16 1.66748973777738
17 -0.347895530477253
18 0.325738824766197
19 0.899221058131881
20 1.28046144863722
21 1.62181074944631
22 0.849512843009452
23 0.736958990452495
24 2.0039685097407
25 -0.648613747401555
26 2.57200547531297
27 0.221457152195461
28 2.90075971669847
29 1.99235338496688
30 0.639233634479303
31 1.69604265336727
32 0.334052716626966
33 2.40936562259405
34 2.07525882204785
35 1.57859493531617
36 1.72227702936795
37 1.19752624764676
38 1.54274842527077
39 2.08947094397425
40 -0.0879994618735775
41 0.781994241171417
42 4.52589478593284
43 2.89278927031511
44 4.77310796424854
45 2.28318108691662
46 2.00096494500589
47 2.4329244065624
48 1.59211386461504
49 2.85801046017303
50 3.78472208696882
51 2.50862102688893
52 1.67627410539111
53 3.40759514173276
54 1.24056263680216
55 2.6873053519382
56 2.47353315961202
57 3.52753165412843
58 2.5408579965424
59 3.50176851653438
60 1.86417125201295
61 1.89421529664751
62 3.22832659246339
63 2.74452259384841
64 4.72536257093262
65 3.76644416633716
66 3.90621441763714
67 4.35263251345079
68 2.96959327672616
69 2.8011032031116
70 4.45918472573865
71 3.75992853458364
72 1.45643553648376
73 4.00698867551416
74 3.92484893542496
75 5.08252667768832
76 4.48207968996933
77 4.62750869821201
78 5.75067919893284
79 5.16934636302967
80 2.55281542028349
81 3.74415099539021
82 4.91155035060553
83 3.95542816209891
84 2.91263746770807
85 4.82820276725171
86 4.11458543848196
87 2.73939313067672
88 2.79464811200028
89 5.87083602587465
90 3.29116876148852
91 3.64531380079504
92 5.27058170194127
93 5.00754477929081
94 3.08514404177623
95 5.54641237025027
96 5.15310836481203
97 4.80901503300083
98 6.42497341417784
99 5.50143142309308
100 6.06870748707511
101 5.15641964934832
102 5.5373516775075
103 4.07231183741299
104 1.29642071733674
105 6.7589545210747
106 4.96992235284892
107 5.22892195084252
108 11.7696048655091
109 5.26675375948257
110 -1.24708173753963
111 4.03825756761957
112 7.37965661444234
113 3.33107406093216
114 8.55724040629563
115 6.01362440349249
116 3.34446621702125
117 3.34047241015463
118 11.3358198447388
119 6.07652758049932
120 7.73777798052197
121 4.8656325165549
122 10.609628131343
123 3.35761190507628
124 5.79279246249064
125 5.68956472536179
126 2.50961257349967
127 4.8317057710955
128 2.34286069992246
129 5.05096529088529
130 6.93337939540645
131 8.13241651366722
132 6.31989946357293
133 5.45882772303252
134 8.33874862205792
135 3.77061140635176
136 10.4339915251381
137 8.40792968210816
138 11.0322219025495
139 4.78933565383216
140 9.18769483015951
141 9.36208736140852
142 7.15498684345203
143 9.05992967926273
144 9.40365241246716
145 7.46355604504823
146 7.64255767903189
147 9.077672190126
148 7.44308637253486
149 5.53061570025906
150 3.9755545794089
151 1.71046424009342
152 3.91860201597661
153 14.8949566784446
154 -0.338414116772385
155 7.78749085956142
156 12.7713490862767
157 10.1797786255705
158 10.8407858054531
159 9.7125519622946
160 9.92216121182637
161 5.53378590656365
162 14.3812527772791
163 5.76730645345773
164 6.66440306794288
165 7.95745355528866
166 5.66502618297401
167 10.156971672652
168 9.01443642800735
169 7.04891056595254
170 16.6115727172526
171 8.66106413149176
172 12.9182509367488
173 8.30774272191659
174 9.03035957571624
175 7.84368925432963
176 12.9548894600223
177 15.9512640430489
178 10.4091603849214
179 9.43417158319209
180 4.29030937355048
181 8.37159984541797
182 10.5379619977495
183 7.457301069872
184 9.16982013890783
185 6.9666746552661
186 12.4605170996091
187 2.41133036406967
188 9.300177198121
189 12.1336983593359
190 6.33438577553734
191 12.2779505004171
192 3.82856232047725
193 6.95031675637907
194 4.19849302865215
195 8.3521496213267
196 9.56955408156487
197 12.0374671541543
198 14.1406406140309
199 4.30908447219833
200 8.94925426603058
201 11.4288883084238
202 12.7440752242059
203 12.3828343850132
204 12.8593740993634
205 12.4651941265418
206 11.3690859620418
207 12.1280410426832
208 12.8428011481171
209 13.5052804477032
210 12.7610367235047
211 11.0659160333974
212 12.0879258430988
213 12.4068469838837
214 13.1671972760999
215 13.569222255557
216 11.9857504973483
217 12.2368331529651
218 14.2105765498729
219 11.7017917883975
220 12.2048573886446
221 13.6664152751763
222 11.7304688417648
223 12.1850855953343
224 12.6236810087123
225 13.5311713710197
226 12.5192967750472
227 14.2116309477896
228 12.4508999823242
229 12.8286931089202
230 13.9952505438533
231 13.451814297805
232 14.993019175112
233 12.7694595717041
234 13.6319498663432
235 12.8351657510188
236 15.0380898384325
237 15.0615612484923
238 13.5453626110364
239 14.0374446373492
240 13.5623557294052
241 13.7489319106547
242 14.3763686182663
243 16.1279714323737
244 12.6336521537983
245 13.6738374500247
246 15.5508284884082
247 14.0160468715331
248 14.3942326771608
249 12.0477482009467
250 13.5030393687262
251 13.7046393584051
252 14.7232238091999
253 13.4356146935146
254 14.3609662957308
255 14.8128075438947
256 15.5933594875657
257 14.1576441552125
258 13.778424913588
259 15.4314646645438
260 15.9943112317249
261 17.3275897958078
262 14.5461075282244
263 14.678245523947
264 15.0731009132818
265 15.5863583006677
266 15.5430673508171
267 15.273468253591
268 15.644253580909
269 13.9799482097494
270 17.851719622877
271 17.6370062677762
272 16.8191674417851
273 15.7628926413707
274 14.0831014567844
275 15.0855923522209
276 15.730523775363
277 15.2568025610137
278 16.1760070785059
279 14.6924538238323
280 16.0939565571755
281 16.5747121872517
282 15.4478932023276
283 16.6142691209408
284 16.1609619283561
285 16.8767518588695
286 14.4628195372129
287 16.0326221046255
288 15.1753965808339
289 14.7804572560304
290 17.2487421695045
291 16.1689790906837
292 18.3603253599221
293 16.8056269059639
294 18.0239858139659
295 16.0266098244268
296 16.374155460749
297 16.91471652013
298 15.9590053625675
299 16.669684312335
300 18.1124177806196
301 12.2564570503249
302 14.0688655151587
303 15.3516928304769
304 14.0648115638758
305 12.1076307162832
306 14.8364892561017
307 16.4645530990729
308 22.9858960002787
309 24.0145458583274
310 21.0430190215125
311 10.4872553499897
312 17.9913347034301
313 19.9871446107172
314 25.9756024389668
315 19.1147461563309
316 24.7794559917476
317 15.249070204173
318 20.7915965568434
319 23.640037637119
320 18.8137440281875
321 12.2157397922929
322 17.7418324206334
323 11.2380363062196
324 16.6483126832185
325 20.4593159590646
326 13.361011088132
327 23.343005951994
328 21.7098351719394
329 21.9376554164056
330 14.5669386818068
331 19.296395194337
332 18.5641264752651
333 21.0750662555993
334 13.8548027662085
335 12.299587466362
336 18.1455684994449
337 21.4405147734921
338 14.078577428886
339 20.8735521298531
340 20.8448873858946
341 14.7060264981785
342 22.681794646073
343 16.7731667362767
344 21.0272262033727
345 19.9034590014168
346 21.9321761071096
347 20.2580039596549
348 16.6334803778229
349 14.4688995331262
350 19.4367879604852
351 19.6647737383599
352 22.6701663940081
353 24.4204150441548
354 19.9637278492153
355 20.3879161796241
356 18.0320742134536
357 17.609894132563
358 23.4053575590608
359 27.3030220004028
360 28.7927429770173
361 16.0937337487093
362 25.6455347355807
363 20.9554829011872
364 24.4509719033548
365 16.3099336524937
366 15.5217233982627
367 23.4799805330153
368 29.7175279733561
369 17.8214289223825
370 22.2374624446228
371 17.7139291562042
372 26.267709225726
373 17.8254654166948
374 19.7843662254321
375 24.7573317245175
376 23.8131067951603
377 21.6636010036383
378 29.9844550175301
379 24.614955995854
380 20.1500307556837
381 24.3268210314142
382 23.6693428852278
383 21.3732070716344
384 25.6085711621442
385 20.4885596666644
386 22.9175421503931
387 20.9521245588904
388 25.6002391348969
389 22.3424320211649
390 21.1229024910406
391 20.0023073356753
392 20.2572639251436
393 23.0260092371082
394 19.5003499215043
395 25.1003402816524
396 23.3678289532395
397 19.2194091458549
398 28.902907068643
399 22.7573587001387
400 20.3002405194795
401 16.9438805705237
402 20.5404585926375
403 17.2589855284551
404 23.7923635763118
405 11.3328630988655
406 24.7837211439133
407 24.5219042776124
408 20.8628637408071
409 22.4394196965931
410 21.7028482795249